%gain
61.18
61.18
61.18
61.18
61.18
61.18
61.18
61.18
61.18
61.18
61.18
61.18
61.18
61.18
61.18
61.18
61.18
61.18
61.18
61.18
61.18
61.18
61.18
61.18
61.18
61.18
61.18
61.18
61.18
61.18
61.18
61.18
61.18
61.18
61.18
61.18
61.18
61.18
61.18
61.18
61.18
61.18
61.18
61.18
61.18
61.18
61.18
61.18
61.18
61.18
61.18
61.18
61.18
61.18
61.18
61.18
61.18
61.18
61.18
61.18
61.18
61.18
61.18
61.18
61.18
61.18
61.18
61.18
61.18
61.18
61.18
61.18
61.18
61.18
61.18
61.18
61.18
61.18
61.18
61.18
61.18
61.18
61.18
61.18
61.18
61.18
61.18
61.18
61.18
61.18
61.18
61.18
61.18
61.18
61.18
61.18
61.18
61.18
61.18
61.18
61.18
61.18
61.18
61.18
61.18
61.18
61.18
61.18
61.18
61.18
61.18
61.18
61.18
61.18
61.18
61.18
61.18
61.18
61.18
61.18
61.18
61.18
61.18
61.18
61.18
61.18
61.18
61.18
61.18
61.18
61.18
61.18
61.18
61.18
61.18
61.18
61.18
61.18
61.18
61.18
61.18
61.18
61.18
61.18
61.18
61.18
61.18
61.18
61.18
61.18
61.18
61.18
61.18
61.18
61.18
61.18
61.18
61.18
61.18
61.18
61.18
61.18
61.18
61.18
61.18
61.18
61.18
61.18
61.18
61.18
61.18
61.18
61.18
61.18
61.18
61.18
61.18
61.18
61.18
61.18
61.18
61.18
61.18
61.18
61.18
61.18
61.18
61.18
61.18
61.18
61.18
61.18
61.18
61.18
61.18
61.18
61.18
61.18
61.18
61.18
61.18
61.18
61.18
61.18
61.18
61.18
61.18
61.18
61.18
61.18
61.18
61.18
61.18
61.18
61.18
61.18
61.18
61.18
61.18
61.18
61.18
61.18
61.18
61.18
61.18
61.18
61.18
61.18
61.18
61.18
61.18
61.18
61.18
61.18
61.18
61.18
61.18
61.18
61.17
61.17
61.17
61.17
61.17
61.17
61.17
61.17
61.17
61.17
61.17
61.17
61.17
61.17
61.17
61.17
61.17
61.17
61.17
61.17
61.17
61.17
61.17
61.17
61.17
61.17
61.17
61.17
61.17
61.17
61.17
61.17
61.17
61.17
61.17
61.16
61.16
61.16
61.16
61.16
61.16
61.16
61.16
61.16
61.16
61.16
61.16
61.16
61.16
61.16
61.16
61.16
61.16
61.16
61.16
61.15
61.15
61.15
61.15
61.15
61.15
61.15
61.15
61.15
61.15
61.15
61.15
61.15
61.14
61.14
61.14
61.14
61.14
61.14
61.14
61.14
61.14
61.14
61.13
61.13
61.13
61.13
61.13
61.13
61.13
61.13
61.12
61.12
61.12
61.12
61.12
61.12
61.12
61.11
61.11
61.11
61.11
61.11
61.11
61.10
61.10
61.10
61.10
61.10
61.10
61.09
61.09
61.09
61.09
61.08
61.08
61.08
61.08
61.08
61.07
61.07
61.07
61.07
61.06
61.06
61.06
61.05
61.05
61.05
61.04
61.04
61.04
61.04
61.03
61.03
61.02
61.02
61.02
61.01
61.01
61.01
61.00
61.00
60.99
60.99
60.98
60.98
60.98
60.97
60.97
60.96
60.96
60.95
60.95
60.94
60.93
60.93
60.92
60.92
60.91
60.91
60.90
60.89
60.89
60.88
60.87
60.87
60.86
60.85
60.84
60.84
60.83
60.82
60.81
60.80
60.80
60.79
60.78
60.77
60.76
60.75
60.74
60.73
60.72
60.71
60.70
60.69
60.68
60.67
60.66
60.65
60.63
60.62
60.61
60.60
60.58
60.57
60.56
60.54
60.53
60.52
60.50
60.49
60.47
60.46
60.44
60.43
60.41
60.39
60.38
60.36
60.34
60.32
60.31
60.29
60.27
60.25
60.23
60.21
60.19
60.17
60.15
60.13
60.11
60.08
60.06
60.04
60.01
59.99
59.97
59.94
59.92
59.89
59.87
59.84
59.81
59.78
59.76
59.73
59.70
59.67
59.64
59.61
59.58
59.55
59.52
59.49
59.45
59.42
59.39
59.35
59.32
59.28
59.25
59.21
59.17
59.14
59.10
59.06
59.02
58.98
58.94
58.90
58.86
58.82
58.78
58.73
58.69
58.65
58.60
58.56
58.51
58.46
58.42
58.37
58.32
58.27
58.22
58.18
58.12
58.07
58.02
57.97
57.92
57.87
57.81
57.76
57.70
57.65
57.59
57.53
57.48
57.42
57.36
57.30
57.24
57.18
57.12
57.06
57.00
56.94
56.88
56.81
56.75
56.68
56.62
56.55
56.49
56.42
56.36
56.29
56.22
56.15
56.08
56.01
55.94
55.87
55.80
55.73
55.66
55.59
55.51
55.44
55.37
55.29
55.22
55.14
55.07
54.99
54.92
54.84
54.76
54.69
54.61
54.53
54.45
54.37
54.29
54.21
54.13
54.05
53.97
53.89
53.81
53.73
53.65
53.56
53.48
53.40
53.31
53.23
53.15
53.06
52.98
52.89
52.81
52.72
52.63
52.55
52.46
52.38
52.29
52.20
52.11
52.03
51.94
51.85
51.76
51.67
51.58
51.49
51.41
51.32
51.23
51.14
51.05
50.96
50.86
50.77
50.68
50.59
50.50
50.41
50.32
50.22
50.13
50.04
49.95
49.86
49.76
49.67
49.58
49.48
49.39
49.30
49.20
49.11
49.02
48.92
48.83
48.73
48.64
48.54
48.45
48.36
48.26
48.17
48.07
47.98
47.88
47.78
47.69
47.59
47.50
47.40
47.31
47.21
47.11
47.02
46.92
46.83
46.73
46.63
46.54
46.44
46.34
46.25
46.15
46.05
45.96
45.86
45.76
45.66
45.57
45.47
45.37
45.28
45.18
45.08
44.98
44.88
44.79
44.69
44.59
44.49
44.40
44.30
44.20
44.10
44.00
43.91
43.81
43.71
43.61
43.51
43.41
43.32
43.22
43.12
43.02
42.92
42.82
42.73
42.63
42.53
42.43
42.33
42.23
42.13
42.03
41.94
41.84
41.74
41.64
41.54
41.44
41.34
41.24
41.14
41.05
40.95
40.85
40.75
40.65
40.55
40.45
40.35
40.25
40.15
40.05
39.96
39.86
39.76
39.66
39.56
39.46
39.36
39.26
39.16
39.06
38.96
38.86
38.76
38.66
38.56
38.46
38.37
38.27
38.17
38.07
37.97
37.87
37.77
37.67
37.57
37.47
37.37
37.27
37.17
37.07
36.97
36.87
36.77
36.67
36.57
36.47
36.37
36.27
36.17
36.07
35.97
35.88
35.78
35.68
35.58
35.48
35.38
35.28
35.18
35.08
34.98
34.88
34.78
34.68
34.58
34.48
34.38
34.28
34.18
34.08
33.98
33.88
33.78
33.68
33.58
33.48
33.38
33.28
33.18
33.08
32.98
32.88
32.78
32.68
32.58
32.48
32.38
32.28
32.18
32.08
31.98
31.88
31.78
31.68
31.58
31.48
31.38
31.28
31.18
31.08
30.98
30.88
30.78
30.68
30.58
30.48
30.38
30.28
30.18
30.08
29.98
29.88
29.78
29.68
29.58
29.48
29.38
29.28
29.18
29.08
28.98
28.88
28.78
28.68
28.58
28.48
28.38
28.28
28.18
28.09
27.99
27.89
27.79
27.69
27.59
27.49
27.39
27.29
27.19
27.09
26.99
26.89
26.79
26.69
26.59
26.49
26.39
26.29
26.19
26.09
25.99
25.89
25.79
25.69
25.59
25.49
25.39
25.29
25.19
25.09
24.99
24.89
24.79
24.69
24.59
24.49
24.38
24.28
24.18
24.08
23.98
23.88
23.78
23.68
23.58
23.48
23.38
23.28
23.18
23.08
22.98
22.88
22.78
22.68
22.58
22.48
22.38
22.28
22.18
22.08
21.98
21.88
21.78
21.68
21.58
21.48
21.38
21.28
21.18
21.08
20.98
20.88
20.78
20.68
20.58
20.48
20.38
20.28
20.18
20.08
19.98
19.88
19.78
19.68
19.58
19.48
19.38
19.28
19.18
19.08
18.98
18.88
18.78
18.68
18.58
18.48
18.38
18.28
18.18
18.08
17.98
17.88
17.78
17.68
17.58
17.48
17.38
17.28
17.18
17.08
16.98
16.88
16.78
16.68
16.57
16.47
16.37
16.27
16.17
16.07
15.97
15.87
15.77
15.67
15.57
15.47
15.37
15.27
15.17
15.07
14.97
14.87
14.77
14.67
14.57
14.47
14.37
14.27
14.17
14.07
13.96
13.86
13.76
13.66
13.56
13.46
13.36
13.26
13.16
13.06
12.96
12.86
12.76
12.66
12.56
12.46
12.35
12.25
12.15
12.05
11.95
11.85
11.75
11.65
11.55
11.45
11.35
11.25
11.14
11.04
10.94
10.84
10.74
10.64
10.54
10.44
10.34
10.23
10.13
10.03
9.931
9.829
9.728
9.627
9.525
9.424
9.323
9.221
9.120
9.018
8.917
8.815
8.714
8.612
8.510
8.409
8.307
8.205
8.103
8.001
7.900
7.798
7.696
7.594
7.492
7.390
7.288
7.185
7.083
6.981
6.879
6.777
6.674
6.572
6.469
6.367
6.264
6.162
6.059
5.957
5.854
5.751
5.648
5.545
5.442
5.340
5.237
5.133
5.030
4.927
4.824
4.721
4.617
4.514
4.411
4.307
4.204
4.100
3.996
3.893
3.789
3.685
3.581
3.478
3.374
3.270
3.166
3.062
2.957
2.853
2.749
2.645
2.540
2.436
2.331
2.227
2.122
2.018
1.913
1.809
1.704
1.599
1.494
1.390
1.285
1.180
1.075
969.9E-3
864.9E-3
759.9E-3
654.9E-3
549.8E-3
444.8E-3
339.7E-3
234.6E-3
129.5E-3
24.34E-3
-80.79E-3
-185.9E-3
-291.0E-3
-396.2E-3
-501.3E-3
-606.4E-3
-711.5E-3
-816.5E-3
-921.6E-3
-1.027
-1.132
-1.237
-1.341
-1.446
-1.551
-1.656
-1.761
-1.865
-1.970
-2.074
-2.179
-2.283
-2.387
-2.491
-2.595
-2.699
-2.803
-2.907
-3.010
-3.114
-3.217
-3.320
-3.423
-3.526
-3.629
-3.731
-3.834
-3.936
-4.038
-4.139
-4.241
-4.342
-4.443
-4.544
-4.645
-4.745
-4.845
-4.945
-5.045
-5.144
-5.244
-5.342
-5.441
-5.539
-5.637
-5.735
-5.833
-5.930
-6.026
-6.123
-6.219
-6.315
-6.410
-6.506
-6.600
-6.695
-6.789
-6.883
-6.976
-7.070
-7.162
-7.255
-7.347
-7.439
-7.530
-7.621
-7.712
-7.802
-7.892
-7.981
-8.071
-8.160
-8.248
-8.336
-8.424
-8.512
-8.599
-8.686
-8.772
-8.858
-8.944
-9.029
-9.115
-9.199
-9.284
-9.368
-9.452
-9.536
-9.619
-9.702
-9.785
-9.868
-9.950
-10.03
-10.11
-10.20
-10.28
-10.36
-10.44
-10.52
-10.60
-10.68
-10.76
-10.84
-10.92
-11.00
-11.08
-11.16
-11.24
-11.32
-11.40
-11.47
-11.55
-11.63
-11.71
-11.79
-11.87
-11.95
-12.02
-12.10
-12.18
-12.26
-12.34
-12.42
-12.49
-12.57
-12.65
-12.73
-12.81
-12.89
-12.96
-13.04
-13.12
-13.20
-13.28
-13.36
-13.44
-13.51
-13.59
-13.67
-13.75
-13.83
-13.91
-13.99
-14.07
-14.15
-14.23
-14.31
-14.39
-14.47
-14.55
-14.63
-14.71
-14.79
-14.87
-14.96
-15.04
-15.12
-15.20
-15.28
-15.36
-15.45
-15.53
-15.61
-15.69
-15.77
-15.86
-15.94
-16.02
-16.11
-16.19
-16.27
-16.36
-16.44
-16.52
-16.61
-16.69
-16.78
-16.86
-16.95
-17.03
-17.11
-17.20
-17.28
-17.37
-17.45
-17.54
-17.62
-17.71
-17.79
-17.88
-17.97
-18.05
-18.14
-18.22
-18.31
-18.39
-18.48
-18.56
-18.65
-18.74
-18.82
-18.91
-18.99
-19.08
-19.16
-19.25
-19.34
-19.42
-19.51
-19.59
-19.68
-19.76
-19.85
-19.93
-20.02
-20.10
-20.19
-20.27
-20.36
-20.44
-20.53
-20.61
-20.69
-20.78
-20.86
-20.95
-21.03
-21.11
-21.20
-21.28
-21.36
-21.44
-21.53
-21.61
-21.69
-21.77
-21.85
-21.93
-22.01
-22.10
-22.18
-22.26
-22.34
-22.42
-22.49
-22.57
-22.65
-22.73
-22.81
-22.89
-22.96
-23.04
-23.12
-23.19
-23.27
-23.34
-23.42
-23.49
-23.57
-23.64
-23.72
-23.79
-23.86
-23.94
-24.01
-24.08
-24.15
-24.22
-24.29
-24.36