%phase
-159.6E-3
-161.4E-3
-163.3E-3
-165.2E-3
-167.1E-3
-169.0E-3
-171.0E-3
-173.0E-3
-175.0E-3
-177.0E-3
-179.0E-3
-181.1E-3
-183.2E-3
-185.3E-3
-187.5E-3
-189.7E-3
-191.8E-3
-194.1E-3
-196.3E-3
-198.6E-3
-200.9E-3
-203.2E-3
-205.6E-3
-208.0E-3
-210.4E-3
-212.8E-3
-215.3E-3
-217.8E-3
-220.3E-3
-222.8E-3
-225.4E-3
-228.0E-3
-230.7E-3
-233.3E-3
-236.0E-3
-238.8E-3
-241.5E-3
-244.3E-3
-247.1E-3
-250.0E-3
-252.9E-3
-255.8E-3
-258.8E-3
-261.8E-3
-264.8E-3
-267.9E-3
-271.0E-3
-274.1E-3
-277.3E-3
-280.5E-3
-283.8E-3
-287.1E-3
-290.4E-3
-293.7E-3
-297.1E-3
-300.6E-3
-304.1E-3
-307.6E-3
-311.1E-3
-314.7E-3
-318.4E-3
-322.1E-3
-325.8E-3
-329.6E-3
-333.4E-3
-337.3E-3
-341.2E-3
-345.1E-3
-349.1E-3
-353.1E-3
-357.2E-3
-361.4E-3
-365.6E-3
-369.8E-3
-374.1E-3
-378.4E-3
-382.8E-3
-387.2E-3
-391.7E-3
-396.2E-3
-400.8E-3
-405.5E-3
-410.2E-3
-414.9E-3
-419.7E-3
-424.6E-3
-429.5E-3
-434.5E-3
-439.5E-3
-444.6E-3
-449.7E-3
-454.9E-3
-460.2E-3
-465.5E-3
-470.9E-3
-476.4E-3
-481.9E-3
-487.5E-3
-493.1E-3
-498.8E-3
-504.6E-3
-510.4E-3
-516.4E-3
-522.3E-3
-528.4E-3
-534.5E-3
-540.7E-3
-547.0E-3
-553.3E-3
-559.7E-3
-566.2E-3
-572.7E-3
-579.4E-3
-586.1E-3
-592.9E-3
-599.7E-3
-606.7E-3
-613.7E-3
-620.8E-3
-628.0E-3
-635.3E-3
-642.6E-3
-650.0E-3
-657.6E-3
-665.2E-3
-672.9E-3
-680.7E-3
-688.6E-3
-696.5E-3
-704.6E-3
-712.8E-3
-721.0E-3
-729.4E-3
-737.8E-3
-746.3E-3
-755.0E-3
-763.7E-3
-772.6E-3
-781.5E-3
-790.6E-3
-799.7E-3
-809.0E-3
-818.3E-3
-827.8E-3
-837.4E-3
-847.1E-3
-856.9E-3
-866.8E-3
-876.9E-3
-887.0E-3
-897.3E-3
-907.7E-3
-918.2E-3
-928.8E-3
-939.6E-3
-950.4E-3
-961.4E-3
-972.6E-3
-983.8E-3
-995.2E-3
-1.007
-1.018
-1.030
-1.042
-1.054
-1.066
-1.079
-1.091
-1.104
-1.117
-1.130
-1.143
-1.156
-1.169
-1.183
-1.196
-1.210
-1.224
-1.238
-1.253
-1.267
-1.282
-1.297
-1.312
-1.327
-1.342
-1.358
-1.374
-1.390
-1.406
-1.422
-1.438
-1.455
-1.472
-1.489
-1.506
-1.524
-1.541
-1.559
-1.577
-1.595
-1.614
-1.632
-1.651
-1.670
-1.690
-1.709
-1.729
-1.749
-1.769
-1.790
-1.811
-1.832
-1.853
-1.874
-1.896
-1.918
-1.940
-1.962
-1.985
-2.008
-2.031
-2.055
-2.079
-2.103
-2.127
-2.152
-2.176
-2.202
-2.227
-2.253
-2.279
-2.305
-2.332
-2.359
-2.386
-2.414
-2.442
-2.470
-2.499
-2.527
-2.557
-2.586
-2.616
-2.646
-2.677
-2.708
-2.739
-2.771
-2.803
-2.835
-2.868
-2.901
-2.935
-2.969
-3.003
-3.038
-3.073
-3.108
-3.144
-3.181
-3.217
-3.255
-3.292
-3.330
-3.369
-3.408
-3.447
-3.487
-3.527
-3.568
-3.609
-3.651
-3.693
-3.735
-3.779
-3.822
-3.866
-3.911
-3.956
-4.002
-4.048
-4.095
-4.142
-4.190
-4.238
-4.287
-4.336
-4.386
-4.437
-4.488
-4.540
-4.592
-4.645
-4.699
-4.753
-4.808
-4.863
-4.919
-4.976
-5.033
-5.091
-5.150
-5.209
-5.269
-5.330
-5.391
-5.453
-5.516
-5.579
-5.644
-5.709
-5.774
-5.841
-5.908
-5.976
-6.044
-6.114
-6.184
-6.255
-6.327
-6.400
-6.473
-6.547
-6.623
-6.699
-6.775
-6.853
-6.932
-7.011
-7.092
-7.173
-7.255
-7.338
-7.422
-7.507
-7.593
-7.680
-7.768
-7.857
-7.946
-8.037
-8.129
-8.222
-8.316
-8.411
-8.507
-8.604
-8.702
-8.801
-8.901
-9.003
-9.105
-9.209
-9.314
-9.420
-9.527
-9.635
-9.744
-9.855
-9.967
-10.08
-10.19
-10.31
-10.43
-10.54
-10.66
-10.78
-10.91
-11.03
-11.15
-11.28
-11.41
-11.54
-11.67
-11.80
-11.93
-12.06
-12.20
-12.34
-12.47
-12.61
-12.76
-12.90
-13.04
-13.19
-13.34
-13.48
-13.64
-13.79
-13.94
-14.10
-14.25
-14.41
-14.57
-14.73
-14.89
-15.06
-15.23
-15.39
-15.56
-15.73
-15.91
-16.08
-16.26
-16.44
-16.62
-16.80
-16.98
-17.17
-17.35
-17.54
-17.73
-17.93
-18.12
-18.32
-18.51
-18.71
-18.91
-19.12
-19.32
-19.53
-19.74
-19.95
-20.16
-20.38
-20.59
-20.81
-21.03
-21.25
-21.48
-21.70
-21.93
-22.16
-22.39
-22.62
-22.86
-23.10
-23.33
-23.58
-23.82
-24.06
-24.31
-24.56
-24.81
-25.06
-25.31
-25.57
-25.83
-26.09
-26.35
-26.61
-26.88
-27.14
-27.41
-27.68
-27.96
-28.23
-28.51
-28.78
-29.06
-29.34
-29.63
-29.91
-30.20
-30.48
-30.77
-31.06
-31.36
-31.65
-31.95
-32.24
-32.54
-32.84
-33.14
-33.45
-33.75
-34.05
-34.36
-34.67
-34.98
-35.29
-35.60
-35.91
-36.23
-36.54
-36.86
-37.18
-37.49
-37.81
-38.13
-38.45
-38.78
-39.10
-39.42
-39.75
-40.07
-40.40
-40.72
-41.05
-41.38
-41.70
-42.03
-42.36
-42.69
-43.02
-43.35
-43.68
-44.01
-44.34
-44.67
-45.00
-45.33
-45.66
-45.99
-46.32
-46.64
-46.97
-47.30
-47.63
-47.96
-48.29
-48.62
-48.94
-49.27
-49.60
-49.92
-50.25
-50.57
-50.89
-51.22
-51.54
-51.86
-52.18
-52.50
-52.82
-53.13
-53.45
-53.77
-54.08
-54.39
-54.71
-55.02
-55.33
-55.63
-55.94
-56.25
-56.55
-56.85
-57.16
-57.46
-57.75
-58.05
-58.35
-58.64
-58.93
-59.23
-59.52
-59.80
-60.09
-60.37
-60.66
-60.94
-61.22
-61.50
-61.77
-62.05
-62.32
-62.59
-62.86
-63.13
-63.39
-63.66
-63.92
-64.18
-64.44
-64.69
-64.95
-65.20
-65.45
-65.70
-65.95
-66.19
-66.43
-66.68
-66.92
-67.15
-67.39
-67.62
-67.85
-68.08
-68.31
-68.54
-68.76
-68.99
-69.21
-69.42
-69.64
-69.86
-70.07
-70.28
-70.49
-70.70
-70.90
-71.11
-71.31
-71.51
-71.71
-71.90
-72.10
-72.29
-72.48
-72.67
-72.86
-73.04
-73.23
-73.41
-73.59
-73.77
-73.95
-74.12
-74.30
-74.47
-74.64
-74.81
-74.97
-75.14
-75.30
-75.47
-75.63
-75.79
-75.94
-76.10
-76.25
-76.40
-76.56
-76.71
-76.85
-77.00
-77.15
-77.29
-77.43
-77.57
-77.71
-77.85
-77.98
-78.12
-78.25
-78.39
-78.52
-78.65
-78.77
-78.90
-79.03
-79.15
-79.27
-79.39
-79.51
-79.63
-79.75
-79.87
-79.98
-80.10
-80.21
-80.32
-80.43
-80.54
-80.65
-80.76
-80.86
-80.97
-81.07
-81.17
-81.27
-81.37
-81.47
-81.57
-81.67
-81.76
-81.86
-81.95
-82.05
-82.14
-82.23
-82.32
-82.41
-82.50
-82.58
-82.67
-82.75
-82.84
-82.92
-83.00
-83.09
-83.17
-83.25
-83.33
-83.40
-83.48
-83.56
-83.63
-83.71
-83.78
-83.85
-83.93
-84.00
-84.07
-84.14
-84.21
-84.28
-84.35
-84.41
-84.48
-84.55
-84.61
-84.67
-84.74
-84.80
-84.86
-84.93
-84.99
-85.05
-85.11
-85.17
-85.22
-85.28
-85.34
-85.40
-85.45
-85.51
-85.56
-85.62
-85.67
-85.72
-85.78
-85.83
-85.88
-85.93
-85.98
-86.03
-86.08
-86.13
-86.18
-86.22
-86.27
-86.32
-86.36
-86.41
-86.46
-86.50
-86.55
-86.59
-86.63
-86.68
-86.72
-86.76
-86.80
-86.84
-86.88
-86.93
-86.97
-87.01
-87.04
-87.08
-87.12
-87.16
-87.20
-87.24
-87.27
-87.31
-87.35
-87.38
-87.42
-87.45
-87.49
-87.52
-87.56
-87.59
-87.63
-87.66
-87.69
-87.73
-87.76
-87.79
-87.82
-87.85
-87.89
-87.92
-87.95
-87.98
-88.01
-88.04
-88.07
-88.10
-88.13
-88.16
-88.18
-88.21
-88.24
-88.27
-88.30
-88.32
-88.35
-88.38
-88.41
-88.43
-88.46
-88.49
-88.51
-88.54
-88.56
-88.59
-88.62
-88.64
-88.67
-88.69
-88.71
-88.74
-88.76
-88.79
-88.81
-88.84
-88.86
-88.88
-88.91
-88.93
-88.95
-88.98
-89.00
-89.02
-89.04
-89.07
-89.09
-89.11
-89.13
-89.15
-89.18
-89.20
-89.22
-89.24
-89.26
-89.28
-89.31
-89.33
-89.35
-89.37
-89.39
-89.41
-89.43
-89.45
-89.47
-89.49
-89.51
-89.53
-89.55
-89.57
-89.59
-89.62
-89.64
-89.66
-89.68
-89.70
-89.72
-89.74
-89.75
-89.77
-89.79
-89.81
-89.83
-89.85
-89.87
-89.89
-89.91
-89.93
-89.95
-89.97
-89.99
-90.01
-90.03
-90.05
-90.07
-90.09
-90.11
-90.13
-90.15
-90.17
-90.19
-90.21
-90.23
-90.25
-90.27
-90.29
-90.31
-90.33
-90.35
-90.37
-90.39
-90.41
-90.43
-90.45
-90.47
-90.49
-90.51
-90.53
-90.55
-90.57
-90.59
-90.61
-90.63
-90.65
-90.67
-90.70
-90.72
-90.74
-90.76
-90.78
-90.80
-90.82
-90.85
-90.87
-90.89
-90.91
-90.93
-90.96
-90.98
-91.00
-91.03
-91.05
-91.07
-91.09
-91.12
-91.14
-91.16
-91.19
-91.21
-91.24
-91.26
-91.29
-91.31
-91.33
-91.36
-91.38
-91.41
-91.43
-91.46
-91.49
-91.51
-91.54
-91.56
-91.59
-91.62
-91.65
-91.67
-91.70
-91.73
-91.76
-91.78
-91.81
-91.84
-91.87
-91.90
-91.93
-91.96
-91.99
-92.02
-92.05
-92.08
-92.11
-92.14
-92.17
-92.20
-92.23
-92.27
-92.30
-92.33
-92.36
-92.40
-92.43
-92.46
-92.50
-92.53
-92.57
-92.60
-92.64
-92.67
-92.71
-92.75
-92.78
-92.82
-92.86
-92.90
-92.93
-92.97
-93.01
-93.05
-93.09
-93.13
-93.17
-93.21
-93.25
-93.29
-93.34
-93.38
-93.42
-93.46
-93.51
-93.55
-93.60
-93.64
-93.69
-93.73
-93.78
-93.82
-93.87
-93.92
-93.97
-94.01
-94.06
-94.11
-94.16
-94.21
-94.26
-94.31
-94.36
-94.42
-94.47
-94.52
-94.58
-94.63
-94.68
-94.74
-94.79
-94.85
-94.91
-94.96
-95.02
-95.08
-95.14
-95.20
-95.26
-95.32
-95.38
-95.44
-95.50
-95.57
-95.63
-95.69
-95.76
-95.82
-95.89
-95.95
-96.02
-96.09
-96.15
-96.22
-96.29
-96.36
-96.43
-96.50
-96.57
-96.64
-96.72
-96.79
-96.86
-96.94
-97.01
-97.09
-97.16
-97.24
-97.32
-97.39
-97.47
-97.55
-97.63
-97.71
-97.79
-97.87
-97.95
-98.04
-98.12
-98.20
-98.29
-98.37
-98.46
-98.54
-98.63
-98.72
-98.80
-98.89
-98.98
-99.07
-99.16
-99.25
-99.34
-99.43
-99.53
-99.62
-99.71
-99.81
-99.90
-100.0
-100.1
-100.2
-100.3
-100.4
-100.5
-100.6
-100.7
-100.8
-100.9
-101.0
-101.1
-101.2
-101.3
-101.4
-101.5
-101.6
-101.7
-101.8
-101.9
-102.0
-102.1
-102.2
-102.3
-102.4
-102.5
-102.6
-102.7
-102.9
-103.0
-103.1
-103.2
-103.3
-103.4
-103.5
-103.6
-103.7
-103.9
-104.0
-104.1
-104.2
-104.3
-104.4
-104.6
-104.7
-104.8
-104.9
-105.0
-105.1
-105.3
-105.4
-105.5
-105.6
-105.8
-105.9
-106.0
-106.1
-106.3
-106.4
-106.5
-106.7
-106.8
-106.9
-107.1
-107.2
-107.3
-107.5
-107.6
-107.8
-107.9
-108.1
-108.2
-108.3
-108.5
-108.7
-108.8
-109.0
-109.1
-109.3
-109.5
-109.6
-109.8
-110.0
-110.1
-110.3
-110.5
-110.7
-110.9
-111.0
-111.2
-111.4
-111.6
-111.8
-112.0
-112.2
-112.4
-112.7
-112.9
-113.1
-113.3
-113.6
-113.8
-114.0
-114.3
-114.5
-114.8
-115.0
-115.3
-115.6
-115.8
-116.1
-116.4
-116.7
-117.0
-117.3
-117.6
-117.9
-118.2
-118.5
-118.8
-119.2
-119.5
-119.8
-120.2
-120.5
-120.9
-121.3
-121.6
-122.0
-122.4
-122.8
-123.2
-123.6
-124.0
-124.4
-124.8
-125.3
-125.7
-126.1
-126.6
-127.0
-127.5
-128.0
-128.5
-128.9
-129.4
-129.9
-130.4
-130.9
-131.5
-132.0
-132.5
-133.1
-133.6
-134.2
-134.7
-135.3
-135.9
-136.4
-137.0
-137.6
-138.2
-138.8
-139.4
-140.1
-140.7
-141.3
-142.0
-142.6
-143.3
-143.9
-144.6
-145.3
-145.9
-146.6
-147.3
-148.0
-148.7
-149.4
-150.1
-150.8
-151.6
-152.3
-153.0
-153.8
-154.5
-155.3
-156.0
-156.8
-157.6
-158.3
-159.1
-159.9
-160.7
-161.5
-162.3
-163.1
-163.9
-164.7
-165.5
-166.3
-167.2
-168.0
-168.8
-169.6
-170.5
-171.3
-172.2
-173.0
-173.9
-174.7
-175.6
-176.4
-177.3
-178.2
-179.1
-179.9
-180.8
-181.7
-182.6
-183.4
-184.3
-185.2
-186.1
-187.0
-187.9
-188.8
-189.7
-190.6
-191.5
-192.4
-193.3
-194.2
-195.1
-196.0
-196.9
-197.8
-198.7
-199.6
-200.5
-201.4
-202.3
-203.2
-204.1
-205.0
-205.9
-206.8
-207.7
-208.7
-209.6
-210.5
-211.4
-212.3
-213.2
-214.1
-215.0
-215.9
-216.8
-217.7
-218.6
-219.5
-220.4
-221.3
-222.2
-223.0
-223.9
-224.8
-225.7
-226.6
-227.5
-228.4
-229.2
-230.1
-231.0
-231.9
-232.8
-233.6
-234.5
-235.4
-236.2
-237.1
-237.9
-238.8
-239.7
-240.5
-241.4
-242.2
-243.1
-243.9
-244.8
-245.6
-246.4
-247.3
-248.1
-248.9
-249.8
-250.6
-251.4
-252.2
-253.0
-253.8