%gain
61.26
61.26
61.26
61.26
61.26
61.26
61.26
61.26
61.26
61.26
61.26
61.26
61.26
61.26
61.26
61.26
61.26
61.26
61.26
61.26
61.26
61.26
61.26
61.26
61.26
61.26
61.26
61.26
61.26
61.26
61.26
61.26
61.26
61.26
61.26
61.26
61.26
61.26
61.26
61.26
61.26
61.26
61.26
61.26
61.26
61.26
61.26
61.26
61.26
61.26
61.26
61.26
61.26
61.26
61.26
61.26
61.26
61.26
61.26
61.26
61.26
61.26
61.26
61.26
61.26
61.26
61.26
61.26
61.26
61.26
61.26
61.26
61.26
61.26
61.26
61.26
61.26
61.26
61.26
61.26
61.26
61.26
61.26
61.26
61.26
61.26
61.26
61.26
61.26
61.26
61.26
61.26
61.26
61.26
61.26
61.26
61.26
61.26
61.26
61.26
61.26
61.26
61.26
61.26
61.26
61.26
61.26
61.26
61.26
61.26
61.26
61.26
61.26
61.26
61.26
61.26
61.26
61.26
61.26
61.26
61.26
61.26
61.26
61.26
61.26
61.26
61.26
61.26
61.26
61.26
61.26
61.26
61.26
61.26
61.26
61.26
61.26
61.26
61.26
61.26
61.26
61.26
61.26
61.26
61.26
61.26
61.26
61.26
61.26
61.26
61.26
61.26
61.26
61.26
61.26
61.26
61.26
61.26
61.26
61.26
61.26
61.26
61.26
61.26
61.26
61.26
61.26
61.26
61.26
61.26
61.26
61.26
61.26
61.26
61.26
61.26
61.26
61.26
61.26
61.26
61.26
61.26
61.26
61.26
61.26
61.26
61.25
61.25
61.25
61.25
61.25
61.25
61.25
61.25
61.25
61.25
61.25
61.25
61.25
61.25
61.25
61.25
61.25
61.25
61.25
61.25
61.25
61.25
61.25
61.25
61.25
61.25
61.25
61.25
61.25
61.25
61.25
61.25
61.25
61.25
61.25
61.25
61.25
61.25
61.25
61.25
61.25
61.25
61.25
61.25
61.25
61.25
61.25
61.25
61.25
61.24
61.24
61.24
61.24
61.24
61.24
61.24
61.24
61.24
61.24
61.24
61.24
61.24
61.24
61.24
61.24
61.24
61.24
61.24
61.24
61.24
61.24
61.23
61.23
61.23
61.23
61.23
61.23
61.23
61.23
61.23
61.23
61.23
61.23
61.23
61.23
61.23
61.22
61.22
61.22
61.22
61.22
61.22
61.22
61.22
61.22
61.22
61.22
61.21
61.21
61.21
61.21
61.21
61.21
61.21
61.21
61.21
61.20
61.20
61.20
61.20
61.20
61.20
61.20
61.19
61.19
61.19
61.19
61.19
61.19
61.19
61.18
61.18
61.18
61.18
61.18
61.17
61.17
61.17
61.17
61.17
61.16
61.16
61.16
61.16
61.15
61.15
61.15
61.15
61.14
61.14
61.14
61.14
61.13
61.13
61.13
61.13
61.12
61.12
61.12
61.11
61.11
61.11
61.10
61.10
61.09
61.09
61.09
61.08
61.08
61.07
61.07
61.07
61.06
61.06
61.05
61.05
61.04
61.04
61.03
61.03
61.02
61.02
61.01
61.01
61.00
60.99
60.99
60.98
60.98
60.97
60.96
60.96
60.95
60.94
60.94
60.93
60.92
60.91
60.91
60.90
60.89
60.88
60.87
60.86
60.86
60.85
60.84
60.83
60.82
60.81
60.80
60.79
60.78
60.77
60.76
60.75
60.74
60.72
60.71
60.70
60.69
60.68
60.66
60.65
60.64
60.62
60.61
60.59
60.58
60.57
60.55
60.54
60.52
60.50
60.49
60.47
60.46
60.44
60.42
60.40
60.39
60.37
60.35
60.33
60.31
60.29
60.27
60.25
60.23
60.21
60.18
60.16
60.14
60.12
60.09
60.07
60.05
60.02
60.00
59.97
59.94
59.92
59.89
59.86
59.84
59.81
59.78
59.75
59.72
59.69
59.66
59.63
59.60
59.57
59.53
59.50
59.47
59.43
59.40
59.36
59.33
59.29
59.25
59.22
59.18
59.14
59.10
59.06
59.02
58.98
58.94
58.90
58.86
58.81
58.77
58.73
58.68
58.64
58.59
58.55
58.50
58.45
58.40
58.36
58.31
58.26
58.21
58.16
58.10
58.05
58.00
57.95
57.89
57.84
57.78
57.73
57.67
57.62
57.56
57.50
57.44
57.38
57.33
57.27
57.20
57.14
57.08
57.02
56.96
56.89
56.83
56.77
56.70
56.64
56.57
56.50
56.44
56.37
56.30
56.23
56.17
56.10
56.03
55.96
55.89
55.81
55.74
55.67
55.60
55.52
55.45
55.38
55.30
55.23
55.15
55.08
55.00
54.92
54.85
54.77
54.69
54.61
54.54
54.46
54.38
54.30
54.22
54.14
54.06
53.98
53.89
53.81
53.73
53.65
53.56
53.48
53.40
53.31
53.23
53.15
53.06
52.98
52.89
52.80
52.72
52.63
52.55
52.46
52.37
52.29
52.20
52.11
52.02
51.93
51.85
51.76
51.67
51.58
51.49
51.40
51.31
51.22
51.13
51.04
50.95
50.86
50.77
50.68
50.59
50.49
50.40
50.31
50.22
50.13
50.03
49.94
49.85
49.76
49.66
49.57
49.48
49.38
49.29
49.20
49.10
49.01
48.91
48.82
48.72
48.63
48.54
48.44
48.35
48.25
48.16
48.06
47.97
47.87
47.77
47.68
47.58
47.49
47.39
47.30
47.20
47.10
47.01
46.91
46.81
46.72
46.62
46.53
46.43
46.33
46.24
46.14
46.04
45.94
45.85
45.75
45.65
45.56
45.46
45.36
45.26
45.17
45.07
44.97
44.87
44.78
44.68
44.58
44.48
44.38
44.29
44.19
44.09
43.99
43.89
43.80
43.70
43.60
43.50
43.40
43.30
43.21
43.11
43.01
42.91
42.81
42.71
42.61
42.52
42.42
42.32
42.22
42.12
42.02
41.92
41.82
41.73
41.63
41.53
41.43
41.33
41.23
41.13
41.03
40.93
40.83
40.74
40.64
40.54
40.44
40.34
40.24
40.14
40.04
39.94
39.84
39.74
39.64
39.54
39.45
39.35
39.25
39.15
39.05
38.95
38.85
38.75
38.65
38.55
38.45
38.35
38.25
38.15
38.05
37.95
37.85
37.75
37.65
37.56
37.46
37.36
37.26
37.16
37.06
36.96
36.86
36.76
36.66
36.56
36.46
36.36
36.26
36.16
36.06
35.96
35.86
35.76
35.66
35.56
35.46
35.36
35.26
35.16
35.06
34.96
34.86
34.76
34.66
34.56
34.46
34.36
34.27
34.17
34.07
33.97
33.87
33.77
33.67
33.57
33.47
33.37
33.27
33.17
33.07
32.97
32.87
32.77
32.67
32.57
32.47
32.37
32.27
32.17
32.07
31.97
31.87
31.77
31.67
31.57
31.47
31.37
31.27
31.17
31.07
30.97
30.87
30.77
30.67
30.57
30.47
30.37
30.27
30.17
30.07
29.97
29.87
29.77
29.67
29.57
29.47
29.37
29.27
29.17
29.07
28.97
28.87
28.77
28.67
28.57
28.47
28.37
28.27
28.17
28.07
27.97
27.87
27.77
27.67
27.57
27.47
27.37
27.27
27.17
27.07
26.97
26.87
26.77
26.67
26.57
26.47
26.37
26.27
26.17
26.07
25.97
25.87
25.77
25.67
25.57
25.47
25.37
25.27
25.17
25.07
24.97
24.87
24.77
24.67
24.57
24.47
24.37
24.27
24.17
24.07
23.97
23.87
23.77
23.67
23.57
23.47
23.37
23.27
23.17
23.07
22.97
22.87
22.77
22.67
22.57
22.47
22.37
22.27
22.17
22.07
21.97
21.87
21.77
21.67
21.57
21.47
21.37
21.27
21.17
21.07
20.97
20.87
20.77
20.67
20.57
20.47
20.37
20.27
20.17
20.07
19.97
19.87
19.77
19.67
19.57
19.47
19.37
19.27
19.17
19.07
18.97
18.87
18.77
18.67
18.57
18.47
18.37
18.27
18.17
18.07
17.97
17.87
17.77
17.67
17.57
17.47
17.37
17.27
17.17
17.07
16.97
16.87
16.77
16.67
16.57
16.47
16.37
16.27
16.17
16.07
15.97
15.86
15.76
15.66
15.56
15.46
15.36
15.26
15.16
15.06
14.96
14.86
14.76
14.66
14.56
14.46
14.36
14.26
14.16
14.06
13.96
13.86
13.76
13.66
13.56
13.46
13.36
13.26
13.16
13.06
12.96
12.86
12.76
12.66
12.55
12.45
12.35
12.25
12.15
12.05
11.95
11.85
11.75
11.65
11.55
11.45
11.35
11.25
11.15
11.05
10.95
10.85
10.75
10.64
10.54
10.44
10.34
10.24
10.14
10.04
9.940
9.839
9.739
9.638
9.537
9.436
9.335
9.234
9.134
9.033
8.932
8.831
8.730
8.629
8.528
8.427
8.326
8.225
8.124
8.023
7.921
7.820
7.719
7.618
7.517
7.415
7.314
7.213
7.111
7.010
6.909
6.807
6.706
6.604
6.503
6.401
6.300
6.198
6.097
5.995
5.893
5.792
5.690
5.588
5.486
5.384
5.282
5.180
5.079
4.977
4.874
4.772
4.670
4.568
4.466
4.364
4.261
4.159
4.057
3.954
3.852
3.750
3.647
3.544
3.442
3.339
3.237
3.134
3.031
2.928
2.825
2.722
2.620
2.517
2.413
2.310
2.207
2.104
2.001
1.898
1.794
1.691
1.588
1.484
1.381
1.277
1.174
1.070
966.4E-3
862.7E-3
759.0E-3
655.3E-3
551.5E-3
447.6E-3
343.7E-3
239.8E-3
135.9E-3
31.92E-3
-72.09E-3
-176.1E-3
-280.2E-3
-384.3E-3
-488.4E-3
-592.6E-3
-696.8E-3
-800.9E-3
-905.2E-3
-1.009
-1.114
-1.218
-1.322
-1.426
-1.531
-1.635
-1.739
-1.844
-1.948
-2.052
-2.156
-2.261
-2.365
-2.469
-2.573
-2.677
-2.782
-2.886
-2.990
-3.094
-3.198
-3.301
-3.405
-3.509
-3.613
-3.716
-3.820
-3.923
-4.027
-4.130
-4.233
-4.336
-4.439
-4.542
-4.644
-4.747
-4.849
-4.952
-5.054
-5.156
-5.257
-5.359
-5.460
-5.562
-5.663
-5.763
-5.864
-5.965
-6.065
-6.165
-6.264
-6.364
-6.463
-6.562
-6.661
-6.759
-6.857
-6.955
-7.053
-7.150
-7.247
-7.344
-7.440
-7.536
-7.632
-7.728
-7.823
-7.917
-8.012
-8.106
-8.199
-8.293
-8.385
-8.478
-8.570
-8.662
-8.753
-8.844
-8.935
-9.025
-9.115
-9.204
-9.293
-9.382
-9.470
-9.558
-9.645
-9.732
-9.818
-9.904
-9.990
-10.08
-10.16
-10.24
-10.33
-10.41
-10.49
-10.58
-10.66
-10.74
-10.82
-10.90
-10.99
-11.07
-11.15
-11.22
-11.30
-11.38
-11.46
-11.54
-11.62
-11.69
-11.77
-11.85
-11.92
-12.00
-12.08
-12.15
-12.23
-12.30
-12.37
-12.45
-12.52
-12.60
-12.67
-12.74
-12.81
-12.89
-12.96
-13.03
-13.10
-13.17
-13.25
-13.32
-13.39
-13.46
-13.53
-13.60
-13.67
-13.74
-13.81
-13.88
-13.95
-14.02
-14.09
-14.16
-14.22
-14.29
-14.36
-14.43
-14.50
-14.57
-14.64
-14.71
-14.77
-14.84
-14.91
-14.98
-15.05
-15.12
-15.18
-15.25
-15.32
-15.39
-15.46
-15.53
-15.59
-15.66
-15.73
-15.80
-15.87
-15.94
-16.00
-16.07
-16.14
-16.21
-16.28
-16.35
-16.42
-16.49
-16.55
-16.62
-16.69
-16.76
-16.83
-16.90
-16.97
-17.04
-17.11
-17.18
-17.25
-17.32
-17.39
-17.46
-17.53
-17.60
-17.67
-17.74
-17.81
-17.88
-17.95
-18.02
-18.09
-18.16
-18.23
-18.30
-18.38
-18.45
-18.52
-18.59
-18.66
-18.73
-18.80
-18.88
-18.95
-19.02
-19.09
-19.16
-19.23
-19.31
-19.38
-19.45
-19.52
-19.59
-19.67
-19.74
-19.81
-19.88
-19.95
-20.03
-20.10
-20.17
-20.24
-20.32
-20.39
-20.46
-20.53
-20.60
-20.68
-20.75
-20.82
-20.89
-20.96
-21.04
-21.11
-21.18
-21.25
-21.32
-21.40
-21.47
-21.54
-21.61
-21.68
-21.75
-21.82
-21.89
-21.96
-22.04
-22.11
-22.18
-22.25
-22.32
-22.39
-22.46
-22.52
-22.59
-22.66
-22.73
-22.80
-22.87
-22.94
-23.01
-23.07
-23.14
-23.21
-23.28
-23.34
-23.41
-23.47
-23.54
-23.61
-23.67
-23.74
-23.80
-23.87
-23.93
-23.99
-24.06
-24.12
-24.18
-24.25
-24.31
-24.37
-24.43
-24.49
-24.55
-24.61
-24.67
-24.73