%phase
-225.2E-3
-227.8E-3
-230.4E-3
-233.1E-3
-235.8E-3
-238.5E-3
-241.3E-3
-244.1E-3
-246.9E-3
-249.7E-3
-252.6E-3
-255.6E-3
-258.5E-3
-261.5E-3
-264.5E-3
-267.6E-3
-270.7E-3
-273.8E-3
-277.0E-3
-280.2E-3
-283.5E-3
-286.7E-3
-290.1E-3
-293.4E-3
-296.8E-3
-300.3E-3
-303.7E-3
-307.2E-3
-310.8E-3
-314.4E-3
-318.0E-3
-321.7E-3
-325.5E-3
-329.2E-3
-333.0E-3
-336.9E-3
-340.8E-3
-344.7E-3
-348.7E-3
-352.8E-3
-356.9E-3
-361.0E-3
-365.2E-3
-369.4E-3
-373.7E-3
-378.0E-3
-382.4E-3
-386.8E-3
-391.3E-3
-395.8E-3
-400.4E-3
-405.0E-3
-409.7E-3
-414.5E-3
-419.3E-3
-424.1E-3
-429.0E-3
-434.0E-3
-439.0E-3
-444.1E-3
-449.2E-3
-454.5E-3
-459.7E-3
-465.0E-3
-470.4E-3
-475.9E-3
-481.4E-3
-487.0E-3
-492.6E-3
-498.3E-3
-504.1E-3
-509.9E-3
-515.8E-3
-521.8E-3
-527.8E-3
-533.9E-3
-540.1E-3
-546.4E-3
-552.7E-3
-559.1E-3
-565.6E-3
-572.1E-3
-578.7E-3
-585.4E-3
-592.2E-3
-599.1E-3
-606.0E-3
-613.0E-3
-620.1E-3
-627.3E-3
-634.6E-3
-641.9E-3
-649.3E-3
-656.9E-3
-664.5E-3
-672.2E-3
-679.9E-3
-687.8E-3
-695.8E-3
-703.8E-3
-712.0E-3
-720.2E-3
-728.6E-3
-737.0E-3
-745.5E-3
-754.2E-3
-762.9E-3
-771.7E-3
-780.7E-3
-789.7E-3
-798.9E-3
-808.1E-3
-817.5E-3
-826.9E-3
-836.5E-3
-846.2E-3
-856.0E-3
-865.9E-3
-875.9E-3
-886.1E-3
-896.3E-3
-906.7E-3
-917.2E-3
-927.8E-3
-938.6E-3
-949.4E-3
-960.4E-3
-971.5E-3
-982.8E-3
-994.2E-3
-1.006
-1.017
-1.029
-1.041
-1.053
-1.065
-1.078
-1.090
-1.103
-1.115
-1.128
-1.141
-1.155
-1.168
-1.182
-1.195
-1.209
-1.223
-1.237
-1.251
-1.266
-1.281
-1.295
-1.310
-1.326
-1.341
-1.356
-1.372
-1.388
-1.404
-1.420
-1.437
-1.453
-1.470
-1.487
-1.505
-1.522
-1.540
-1.557
-1.575
-1.594
-1.612
-1.631
-1.650
-1.669
-1.688
-1.708
-1.727
-1.747
-1.768
-1.788
-1.809
-1.830
-1.851
-1.872
-1.894
-1.916
-1.938
-1.960
-1.983
-2.006
-2.029
-2.053
-2.076
-2.100
-2.125
-2.149
-2.174
-2.199
-2.225
-2.250
-2.277
-2.303
-2.329
-2.356
-2.384
-2.411
-2.439
-2.467
-2.496
-2.525
-2.554
-2.583
-2.613
-2.644
-2.674
-2.705
-2.736
-2.768
-2.800
-2.832
-2.865
-2.898
-2.932
-2.966
-3.000
-3.035
-3.070
-3.105
-3.141
-3.177
-3.214
-3.251
-3.289
-3.327
-3.365
-3.404
-3.443
-3.483
-3.523
-3.564
-3.605
-3.647
-3.689
-3.731
-3.775
-3.818
-3.862
-3.907
-3.952
-3.998
-4.044
-4.090
-4.138
-4.185
-4.234
-4.282
-4.332
-4.382
-4.432
-4.483
-4.535
-4.587
-4.640
-4.694
-4.748
-4.803
-4.858
-4.914
-4.971
-5.028
-5.086
-5.144
-5.204
-5.263
-5.324
-5.385
-5.447
-5.510
-5.573
-5.638
-5.702
-5.768
-5.834
-5.901
-5.969
-6.038
-6.107
-6.177
-6.248
-6.320
-6.393
-6.466
-6.540
-6.615
-6.691
-6.768
-6.846
-6.924
-7.004
-7.084
-7.165
-7.247
-7.330
-7.414
-7.499
-7.585
-7.672
-7.759
-7.848
-7.938
-8.029
-8.120
-8.213
-8.307
-8.402
-8.498
-8.595
-8.693
-8.792
-8.892
-8.993
-9.096
-9.199
-9.304
-9.410
-9.517
-9.625
-9.734
-9.845
-9.956
-10.07
-10.18
-10.30
-10.42
-10.53
-10.65
-10.77
-10.89
-11.02
-11.14
-11.27
-11.40
-11.52
-11.65
-11.78
-11.92
-12.05
-12.19
-12.32
-12.46
-12.60
-12.74
-12.89
-13.03
-13.18
-13.32
-13.47
-13.62
-13.77
-13.93
-14.08
-14.24
-14.40
-14.56
-14.72
-14.88
-15.04
-15.21
-15.38
-15.55
-15.72
-15.89
-16.07
-16.24
-16.42
-16.60
-16.78
-16.96
-17.15
-17.34
-17.52
-17.72
-17.91
-18.10
-18.30
-18.49
-18.69
-18.90
-19.10
-19.30
-19.51
-19.72
-19.93
-20.14
-20.36
-20.57
-20.79
-21.01
-21.23
-21.45
-21.68
-21.91
-22.14
-22.37
-22.60
-22.84
-23.07
-23.31
-23.55
-23.80
-24.04
-24.29
-24.53
-24.78
-25.04
-25.29
-25.55
-25.80
-26.06
-26.32
-26.59
-26.85
-27.12
-27.39
-27.66
-27.93
-28.20
-28.48
-28.76
-29.04
-29.32
-29.60
-29.88
-30.17
-30.46
-30.75
-31.04
-31.33
-31.62
-31.92
-32.21
-32.51
-32.81
-33.11
-33.42
-33.72
-34.03
-34.33
-34.64
-34.95
-35.26
-35.57
-35.88
-36.20
-36.51
-36.83
-37.15
-37.46
-37.78
-38.10
-38.42
-38.75
-39.07
-39.39
-39.72
-40.04
-40.37
-40.69
-41.02
-41.34
-41.67
-42.00
-42.33
-42.66
-42.99
-43.32
-43.64
-43.97
-44.30
-44.63
-44.96
-45.29
-45.62
-45.95
-46.28
-46.61
-46.94
-47.27
-47.60
-47.93
-48.26
-48.58
-48.91
-49.24
-49.56
-49.89
-50.21
-50.54
-50.86
-51.18
-51.51
-51.83
-52.15
-52.47
-52.79
-53.10
-53.42
-53.73
-54.05
-54.36
-54.67
-54.98
-55.29
-55.60
-55.91
-56.22
-56.52
-56.82
-57.12
-57.42
-57.72
-58.02
-58.32
-58.61
-58.90
-59.20
-59.48
-59.77
-60.06
-60.34
-60.63
-60.91
-61.19
-61.47
-61.74
-62.02
-62.29
-62.56
-62.83
-63.10
-63.36
-63.63
-63.89
-64.15
-64.41
-64.66
-64.92
-65.17
-65.42
-65.67
-65.92
-66.16
-66.41
-66.65
-66.89
-67.13
-67.36
-67.60
-67.83
-68.06
-68.29
-68.51
-68.74
-68.96
-69.18
-69.40
-69.61
-69.83
-70.04
-70.25
-70.46
-70.67
-70.88
-71.08
-71.28
-71.48
-71.68
-71.88
-72.07
-72.27
-72.46
-72.65
-72.83
-73.02
-73.20
-73.39
-73.57
-73.74
-73.92
-74.10
-74.27
-74.44
-74.61
-74.78
-74.95
-75.11
-75.28
-75.44
-75.60
-75.76
-75.92
-76.07
-76.23
-76.38
-76.53
-76.68
-76.83
-76.98
-77.12
-77.26
-77.41
-77.55
-77.69
-77.82
-77.96
-78.09
-78.23
-78.36
-78.49
-78.62
-78.75
-78.87
-79.00
-79.12
-79.25
-79.37
-79.49
-79.61
-79.72
-79.84
-79.96
-80.07
-80.18
-80.29
-80.40
-80.51
-80.62
-80.73
-80.83
-80.94
-81.04
-81.14
-81.25
-81.35
-81.45
-81.54
-81.64
-81.74
-81.83
-81.92
-82.02
-82.11
-82.20
-82.29
-82.38
-82.47
-82.55
-82.64
-82.72
-82.81
-82.89
-82.97
-83.06
-83.14
-83.22
-83.29
-83.37
-83.45
-83.53
-83.60
-83.68
-83.75
-83.82
-83.90
-83.97
-84.04
-84.11
-84.18
-84.24
-84.31
-84.38
-84.45
-84.51
-84.58
-84.64
-84.70
-84.77
-84.83
-84.89
-84.95
-85.01
-85.07
-85.13
-85.19
-85.24
-85.30
-85.36
-85.41
-85.47
-85.52
-85.58
-85.63
-85.68
-85.73
-85.79
-85.84
-85.89
-85.94
-85.99
-86.04
-86.08
-86.13
-86.18
-86.23
-86.27
-86.32
-86.36
-86.41
-86.45
-86.50
-86.54
-86.58
-86.63
-86.67
-86.71
-86.75
-86.79
-86.83
-86.87
-86.91
-86.95
-86.99
-87.03
-87.07
-87.11
-87.14
-87.18
-87.22
-87.25
-87.29
-87.32
-87.36
-87.39
-87.43
-87.46
-87.50
-87.53
-87.56
-87.60
-87.63
-87.66
-87.69
-87.72
-87.75
-87.79
-87.82
-87.85
-87.88
-87.91
-87.94
-87.97
-87.99
-88.02
-88.05
-88.08
-88.11
-88.14
-88.16
-88.19
-88.22
-88.24
-88.27
-88.30
-88.32
-88.35
-88.37
-88.40
-88.42
-88.45
-88.47
-88.50
-88.52
-88.55
-88.57
-88.60
-88.62
-88.64
-88.67
-88.69
-88.71
-88.73
-88.76
-88.78
-88.80
-88.82
-88.85
-88.87
-88.89
-88.91
-88.93
-88.95
-88.97
-89.00
-89.02
-89.04
-89.06
-89.08
-89.10
-89.12
-89.14
-89.16
-89.18
-89.20
-89.22
-89.24
-89.26
-89.28
-89.29
-89.31
-89.33
-89.35
-89.37
-89.39
-89.41
-89.43
-89.45
-89.46
-89.48
-89.50
-89.52
-89.54
-89.55
-89.57
-89.59
-89.61
-89.63
-89.64
-89.66
-89.68
-89.70
-89.72
-89.73
-89.75
-89.77
-89.79
-89.80
-89.82
-89.84
-89.86
-89.87
-89.89
-89.91
-89.93
-89.94
-89.96
-89.98
-89.99
-90.01
-90.03
-90.05
-90.06
-90.08
-90.10
-90.12
-90.13
-90.15
-90.17
-90.19
-90.20
-90.22
-90.24
-90.26
-90.27
-90.29
-90.31
-90.33
-90.34
-90.36
-90.38
-90.40
-90.42
-90.43
-90.45
-90.47
-90.49
-90.51
-90.53
-90.54
-90.56
-90.58
-90.60
-90.62
-90.64
-90.66
-90.67
-90.69
-90.71
-90.73
-90.75
-90.77
-90.79
-90.81
-90.83
-90.85
-90.87
-90.89
-90.91
-90.93
-90.95
-90.97
-90.99
-91.01
-91.03
-91.05
-91.07
-91.10
-91.12
-91.14
-91.16
-91.18
-91.20
-91.23
-91.25
-91.27
-91.29
-91.32
-91.34
-91.36
-91.39
-91.41
-91.43
-91.46
-91.48
-91.51
-91.53
-91.56
-91.58
-91.61
-91.63
-91.66
-91.68
-91.71
-91.73
-91.76
-91.79
-91.81
-91.84
-91.87
-91.90
-91.92
-91.95
-91.98
-92.01
-92.04
-92.07
-92.10
-92.12
-92.15
-92.18
-92.22
-92.25
-92.28
-92.31
-92.34
-92.37
-92.40
-92.44
-92.47
-92.50
-92.53
-92.57
-92.60
-92.64
-92.67
-92.71
-92.74
-92.78
-92.81
-92.85
-92.89
-92.92
-92.96
-93.00
-93.04
-93.07
-93.11
-93.15
-93.19
-93.23
-93.27
-93.31
-93.35
-93.40
-93.44
-93.48
-93.52
-93.57
-93.61
-93.65
-93.70
-93.74
-93.79
-93.83
-93.88
-93.93
-93.97
-94.02
-94.07
-94.12
-94.17
-94.22
-94.27
-94.32
-94.37
-94.42
-94.47
-94.52
-94.57
-94.63
-94.68
-94.74
-94.79
-94.85
-94.90
-94.96
-95.02
-95.07
-95.13
-95.19
-95.25
-95.31
-95.37
-95.43
-95.49
-95.55
-95.62
-95.68
-95.74
-95.81
-95.87
-95.94
-96.00
-96.07
-96.14
-96.20
-96.27
-96.34
-96.41
-96.48
-96.55
-96.62
-96.69
-96.77
-96.84
-96.91
-96.99
-97.06
-97.14
-97.21
-97.29
-97.37
-97.44
-97.52
-97.60
-97.68
-97.76
-97.84
-97.92
-98.01
-98.09
-98.17
-98.26
-98.34
-98.43
-98.51
-98.60
-98.68
-98.77
-98.86
-98.95
-99.04
-99.13
-99.22
-99.31
-99.40
-99.49
-99.59
-99.68
-99.77
-99.87
-99.96
-100.1
-100.2
-100.3
-100.3
-100.4
-100.5
-100.6
-100.7
-100.8
-100.9
-101.0
-101.1
-101.3
-101.4
-101.5
-101.6
-101.7
-101.8
-101.9
-102.0
-102.1
-102.2
-102.3
-102.4
-102.5
-102.6
-102.7
-102.8
-103.0
-103.1
-103.2
-103.3
-103.4
-103.5
-103.6
-103.7
-103.9
-104.0
-104.1
-104.2
-104.3
-104.4
-104.6
-104.7
-104.8
-104.9
-105.1
-105.2
-105.3
-105.4
-105.5
-105.7
-105.8
-105.9
-106.1
-106.2
-106.3
-106.5
-106.6
-106.7
-106.9
-107.0
-107.1
-107.3
-107.4
-107.6
-107.7
-107.8
-108.0
-108.1
-108.3
-108.4
-108.6
-108.8
-108.9
-109.1
-109.2
-109.4
-109.6
-109.7
-109.9
-110.1
-110.3
-110.4
-110.6
-110.8
-111.0
-111.2
-111.4
-111.6
-111.8
-112.0
-112.2
-112.4
-112.6
-112.8
-113.1
-113.3
-113.5
-113.7
-114.0
-114.2
-114.5
-114.7
-115.0
-115.2
-115.5
-115.8
-116.0
-116.3
-116.6
-116.9
-117.2
-117.5
-117.8
-118.1
-118.4
-118.7
-119.1
-119.4
-119.7
-120.1
-120.4
-120.8
-121.2
-121.5
-121.9
-122.3
-122.7
-123.1
-123.5
-123.9
-124.3
-124.7
-125.1
-125.6
-126.0
-126.4
-126.9
-127.4
-127.8
-128.3
-128.8
-129.3
-129.8
-130.3
-130.8
-131.3
-131.8
-132.3
-132.9
-133.4
-134.0
-134.5
-135.1
-135.7
-136.2
-136.8
-137.4
-138.0
-138.6
-139.2
-139.8
-140.5
-141.1
-141.7
-142.4
-143.0
-143.7
-144.4
-145.0
-145.7
-146.4
-147.1
-147.8
-148.5
-149.2
-149.9
-150.6
-151.4
-152.1
-152.8
-153.6
-154.3
-155.1
-155.8
-156.6
-157.4
-158.2
-158.9
-159.7
-160.5
-161.3
-162.1
-162.9
-163.7
-164.6
-165.4
-166.2
-167.0
-167.9
-168.7
-169.5
-170.4
-171.2
-172.1
-172.9
-173.8
-174.6
-175.5
-176.4
-177.2
-178.1
-179.0
-179.9
-180.8
-181.6
-182.5
-183.4
-184.3
-185.2
-186.1
-187.0
-187.9
-188.8
-189.7
-190.6
-191.5
-192.4
-193.3
-194.2
-195.1
-196.0
-196.9
-197.8
-198.7
-199.7
-200.6
-201.5
-202.4
-203.3
-204.2
-205.1
-206.0
-206.9
-207.9
-208.8
-209.7
-210.6
-211.5
-212.4
-213.3
-214.2
-215.1
-216.0
-216.9
-217.8
-218.7
-219.6
-220.5
-221.4
-222.3
-223.2
-224.1
-225.0
-225.9
-226.8
-227.7
-228.6
-229.4
-230.3
-231.2
-232.1
-233.0
-233.8
-234.7
-235.6
-236.4
-237.3
-238.2
-239.0
-239.9
-240.7
-241.6
-242.4
-243.3
-244.1
-245.0
-245.8
-246.7
-247.5
-248.3
-249.2
-250.0
-250.8
-251.6
-252.5
-253.3
-254.1
-254.9
-255.7
-256.5
-257.3
-258.1
-258.9
-259.7
-260.5
-261.3
-262.1