%gain
61.20
61.20
61.20
61.20
61.20
61.20
61.20
61.20
61.20
61.20
61.20
61.20
61.20
61.20
61.20
61.20
61.20
61.20
61.20
61.20
61.20
61.20
61.20
61.20
61.20
61.20
61.20
61.20
61.20
61.20
61.20
61.20
61.20
61.20
61.20
61.20
61.20
61.20
61.20
61.20
61.20
61.20
61.20
61.20
61.20
61.20
61.20
61.20
61.20
61.20
61.20
61.20
61.20
61.20
61.20
61.20
61.20
61.20
61.20
61.20
61.20
61.20
61.20
61.20
61.20
61.20
61.20
61.20
61.20
61.20
61.20
61.20
61.20
61.20
61.20
61.20
61.20
61.20
61.20
61.20
61.20
61.20
61.20
61.20
61.20
61.20
61.20
61.20
61.20
61.20
61.20
61.20
61.20
61.20
61.20
61.20
61.20
61.20
61.20
61.20
61.20
61.20
61.20
61.20
61.20
61.20
61.20
61.20
61.20
61.20
61.20
61.20
61.20
61.20
61.20
61.20
61.20
61.20
61.20
61.20
61.20
61.20
61.20
61.20
61.20
61.20
61.20
61.20
61.20
61.20
61.20
61.20
61.20
61.20
61.20
61.20
61.20
61.20
61.20
61.20
61.20
61.20
61.20
61.20
61.20
61.20
61.20
61.20
61.20
61.20
61.20
61.20
61.20
61.20
61.20
61.20
61.20
61.20
61.20
61.20
61.20
61.20
61.20
61.20
61.20
61.20
61.20
61.20
61.20
61.20
61.20
61.20
61.20
61.20
61.20
61.20
61.20
61.20
61.20
61.20
61.20
61.20
61.20
61.20
61.20
61.20
61.20
61.20
61.20
61.20
61.20
61.20
61.20
61.20
61.20
61.20
61.20
61.20
61.20
61.19
61.19
61.19
61.19
61.19
61.19
61.19
61.19
61.19
61.19
61.19
61.19
61.19
61.19
61.19
61.19
61.19
61.19
61.19
61.19
61.19
61.19
61.19
61.19
61.19
61.19
61.19
61.19
61.19
61.19
61.19
61.19
61.19
61.19
61.19
61.19
61.19
61.19
61.19
61.19
61.19
61.19
61.19
61.19
61.19
61.19
61.19
61.19
61.19
61.19
61.19
61.19
61.18
61.18
61.18
61.18
61.18
61.18
61.18
61.18
61.18
61.18
61.18
61.18
61.18
61.18
61.18
61.18
61.18
61.18
61.18
61.18
61.18
61.18
61.18
61.17
61.17
61.17
61.17
61.17
61.17
61.17
61.17
61.17
61.17
61.17
61.17
61.17
61.17
61.17
61.16
61.16
61.16
61.16
61.16
61.16
61.16
61.16
61.16
61.16
61.16
61.15
61.15
61.15
61.15
61.15
61.15
61.15
61.15
61.15
61.14
61.14
61.14
61.14
61.14
61.14
61.14
61.13
61.13
61.13
61.13
61.13
61.13
61.13
61.12
61.12
61.12
61.12
61.12
61.11
61.11
61.11
61.11
61.11
61.10
61.10
61.10
61.10
61.10
61.09
61.09
61.09
61.09
61.08
61.08
61.08
61.07
61.07
61.07
61.07
61.06
61.06
61.06
61.05
61.05
61.05
61.04
61.04
61.04
61.03
61.03
61.02
61.02
61.02
61.01
61.01
61.00
61.00
60.99
60.99
60.99
60.98
60.98
60.97
60.96
60.96
60.95
60.95
60.94
60.94
60.93
60.93
60.92
60.91
60.91
60.90
60.89
60.89
60.88
60.87
60.86
60.86
60.85
60.84
60.83
60.83
60.82
60.81
60.80
60.79
60.78
60.77
60.76
60.75
60.74
60.73
60.72
60.71
60.70
60.69
60.68
60.67
60.66
60.65
60.63
60.62
60.61
60.60
60.58
60.57
60.56
60.54
60.53
60.51
60.50
60.48
60.47
60.45
60.44
60.42
60.40
60.39
60.37
60.35
60.33
60.31
60.30
60.28
60.26
60.24
60.22
60.20
60.18
60.16
60.13
60.11
60.09
60.07
60.04
60.02
60.00
59.97
59.95
59.92
59.90
59.87
59.84
59.82
59.79
59.76
59.73
59.70
59.67
59.64
59.61
59.58
59.55
59.52
59.49
59.46
59.42
59.39
59.35
59.32
59.28
59.25
59.21
59.17
59.14
59.10
59.06
59.02
58.98
58.94
58.90
58.86
58.82
58.77
58.73
58.69
58.64
58.60
58.55
58.51
58.46
58.41
58.37
58.32
58.27
58.22
58.17
58.12
58.07
58.02
57.96
57.91
57.86
57.80
57.75
57.69
57.64
57.58
57.53
57.47
57.41
57.35
57.29
57.23
57.17
57.11
57.05
56.99
56.93
56.86
56.80
56.74
56.67
56.61
56.54
56.48
56.41
56.34
56.28
56.21
56.14
56.07
56.00
55.93
55.86
55.79
55.72
55.64
55.57
55.50
55.43
55.35
55.28
55.20
55.13
55.05
54.98
54.90
54.82
54.75
54.67
54.59
54.51
54.43
54.36
54.28
54.20
54.12
54.03
53.95
53.87
53.79
53.71
53.63
53.54
53.46
53.38
53.29
53.21
53.13
53.04
52.96
52.87
52.79
52.70
52.61
52.53
52.44
52.35
52.27
52.18
52.09
52.00
51.92
51.83
51.74
51.65
51.56
51.47
51.38
51.29
51.20
51.11
51.02
50.93
50.84
50.75
50.66
50.57
50.48
50.39
50.29
50.20
50.11
50.02
49.92
49.83
49.74
49.65
49.55
49.46
49.37
49.27
49.18
49.09
48.99
48.90
48.80
48.71
48.62
48.52
48.43
48.33
48.24
48.14
48.05
47.95
47.86
47.76
47.66
47.57
47.47
47.38
47.28
47.19
47.09
46.99
46.90
46.80
46.70
46.61
46.51
46.41
46.32
46.22
46.12
46.03
45.93
45.83
45.74
45.64
45.54
45.44
45.35
45.25
45.15
45.05
44.96
44.86
44.76
44.66
44.57
44.47
44.37
44.27
44.17
44.08
43.98
43.88
43.78
43.68
43.59
43.49
43.39
43.29
43.19
43.09
43.00
42.90
42.80
42.70
42.60
42.50
42.40
42.30
42.21
42.11
42.01
41.91
41.81
41.71
41.61
41.51
41.42
41.32
41.22
41.12
41.02
40.92
40.82
40.72
40.62
40.52
40.42
40.33
40.23
40.13
40.03
39.93
39.83
39.73
39.63
39.53
39.43
39.33
39.23
39.13
39.03
38.94
38.84
38.74
38.64
38.54
38.44
38.34
38.24
38.14
38.04
37.94
37.84
37.74
37.64
37.54
37.44
37.34
37.24
37.14
37.04
36.94
36.85
36.75
36.65
36.55
36.45
36.35
36.25
36.15
36.05
35.95
35.85
35.75
35.65
35.55
35.45
35.35
35.25
35.15
35.05
34.95
34.85
34.75
34.65
34.55
34.45
34.35
34.25
34.15
34.05
33.95
33.85
33.75
33.65
33.55
33.45
33.35
33.25
33.15
33.05
32.95
32.85
32.75
32.65
32.55
32.46
32.36
32.26
32.16
32.06
31.96
31.86
31.76
31.66
31.56
31.46
31.36
31.26
31.16
31.06
30.96
30.86
30.76
30.66
30.56
30.46
30.36
30.26
30.16
30.06
29.96
29.86
29.76
29.66
29.56
29.46
29.36
29.26
29.16
29.06
28.96
28.86
28.76
28.66
28.56
28.46
28.36
28.26
28.16
28.06
27.96
27.86
27.76
27.66
27.56
27.46
27.36
27.26
27.16
27.06
26.96
26.86
26.76
26.66
26.56
26.46
26.36
26.26
26.16
26.06
25.96
25.86
25.76
25.66
25.56
25.46
25.36
25.26
25.16
25.06
24.96
24.86
24.76
24.66
24.56
24.46
24.36
24.26
24.16
24.06
23.96
23.86
23.76
23.66
23.56
23.46
23.36
23.26
23.16
23.06
22.96
22.86
22.76
22.66
22.56
22.46
22.36
22.26
22.15
22.05
21.95
21.85
21.75
21.65
21.55
21.45
21.35
21.25
21.15
21.05
20.95
20.85
20.75
20.65
20.55
20.45
20.35
20.25
20.15
20.05
19.95
19.85
19.75
19.65
19.55
19.45
19.35
19.25
19.15
19.05
18.95
18.85
18.75
18.65
18.55
18.45
18.35
18.25
18.15
18.05
17.95
17.85
17.74
17.64
17.54
17.44
17.34
17.24
17.14
17.04
16.94
16.84
16.74
16.64
16.54
16.44
16.34
16.24
16.14
16.04
15.94
15.84
15.74
15.63
15.53
15.43
15.33
15.23
15.13
15.03
14.93
14.83
14.73
14.63
14.53
14.43
14.33
14.22
14.12
14.02
13.92
13.82
13.72
13.62
13.52
13.42
13.32
13.22
13.11
13.01
12.91
12.81
12.71
12.61
12.51
12.41
12.31
12.20
12.10
12.00
11.90
11.80
11.70
11.60
11.49
11.39
11.29
11.19
11.09
10.99
10.88
10.78
10.68
10.58
10.48
10.38
10.27
10.17
10.07
9.967
9.865
9.763
9.661
9.558
9.456
9.354
9.251
9.149
9.046
8.944
8.841
8.738
8.636
8.533
8.430
8.327
8.224
8.121
8.018
7.915
7.811
7.708
7.605
7.501
7.398
7.294
7.191
7.087
6.983
6.879
6.775
6.671
6.567
6.463
6.358
6.254
6.149
6.045
5.940
5.835
5.731
5.626
5.521
5.415
5.310
5.205
5.099
4.994
4.888
4.782
4.677
4.571
4.464
4.358
4.252
4.146
4.039
3.932
3.826
3.719
3.612
3.504
3.397
3.290
3.182
3.075
2.967
2.859
2.751
2.643
2.534
2.426
2.317
2.209
2.100
1.991
1.882
1.773
1.663
1.554
1.444
1.334
1.224
1.114
1.004
893.7E-3
783.2E-3
672.6E-3
561.8E-3
450.9E-3
339.9E-3
228.8E-3
117.5E-3
6.028E-3
-105.5E-3
-217.2E-3
-329.0E-3
-441.0E-3
-553.1E-3
-665.2E-3
-777.6E-3
-890.0E-3
-1.003
-1.115
-1.228
-1.341
-1.454
-1.567
-1.680
-1.793
-1.907
-2.020
-2.134
-2.247
-2.361
-2.475
-2.589
-2.703
-2.817
-2.931
-3.045
-3.159
-3.273
-3.387
-3.501
-3.615
-3.730
-3.844
-3.958
-4.072
-4.186
-4.301
-4.415
-4.529
-4.643
-4.757
-4.871
-4.985
-5.098
-5.212
-5.326
-5.439
-5.552
-5.666
-5.779
-5.892
-6.005
-6.117
-6.230
-6.342
-6.455
-6.567
-6.678
-6.790
-6.901
-7.013
-7.124
-7.234
-7.345
-7.455
-7.565
-7.675
-7.784
-7.893
-8.002
-8.111
-8.219
-8.327
-8.435
-8.542
-8.649
-8.756
-8.862
-8.968
-9.074
-9.179
-9.284
-9.389
-9.493
-9.597
-9.700
-9.803
-9.906
-10.01
-10.11
-10.21
-10.31
-10.41
-10.51
-10.61
-10.71
-10.81
-10.91
-11.01
-11.11
-11.21
-11.30
-11.40
-11.50
-11.59
-11.69
-11.78
-11.88
-11.97
-12.07
-12.16
-12.25
-12.35
-12.44
-12.53
-12.62
-12.71
-12.80
-12.90
-12.99
-13.08
-13.17
-13.25
-13.34
-13.43
-13.52
-13.61
-13.70
-13.78
-13.87
-13.96
-14.04
-14.13
-14.22
-14.30
-14.39
-14.47
-14.56
-14.64
-14.73
-14.81
-14.90
-14.98
-15.06
-15.15
-15.23
-15.31
-15.39
-15.48
-15.56
-15.64
-15.72
-15.80
-15.89
-15.97
-16.05
-16.13
-16.21
-16.29
-16.37
-16.45
-16.53
-16.61
-16.69
-16.77
-16.85
-16.93
-17.01
-17.09
-17.17
-17.25
-17.32
-17.40
-17.48
-17.56
-17.64
-17.72
-17.79
-17.87
-17.95
-18.03
-18.10
-18.18
-18.26
-18.33
-18.41
-18.49
-18.57
-18.64
-18.72
-18.79
-18.87
-18.95
-19.02
-19.10
-19.17
-19.25
-19.33
-19.40
-19.48
-19.55
-19.63
-19.70
-19.78
-19.85
-19.93
-20.00
-20.07
-20.15
-20.22
-20.30
-20.37
-20.44
-20.52
-20.59
-20.66
-20.74
-20.81
-20.88
-20.96
-21.03
-21.10
-21.17
-21.24
-21.32
-21.39
-21.46
-21.53
-21.60
-21.67
-21.74
-21.81
-21.89
-21.96
-22.03
-22.10
-22.16
-22.23
-22.30
-22.37
-22.44
-22.51
-22.58
-22.65
-22.71
-22.78
-22.85
-22.92
-22.98
-23.05
-23.12
-23.18
-23.25
-23.31
-23.38
-23.44
-23.51
-23.57
-23.64
-23.70
-23.77
-23.83
-23.89
-23.95
-24.02
-24.08
-24.14
-24.20
-24.26
-24.32
-24.38
-24.44
-24.50
-24.56
-24.62
-24.68
-24.73
-24.79
-24.85
-24.91
-24.96
-25.02
-25.07
-25.13
-25.18
-25.24
-25.29
-25.34
-25.40
-25.45
-25.50
-25.55
-25.60
-25.65
-25.70