%freq
1.000E3	
1.012E3
1.023E3
1.035E3
1.047E3
1.059E3
1.072E3
1.084E3
1.096E3
1.109E3
1.122E3
1.135E3
1.148E3
1.161E3
1.175E3
1.189E3
1.202E3
1.216E3
1.230E3
1.245E3
1.259E3
1.274E3
1.288E3
1.303E3
1.318E3
1.334E3
1.349E3
1.365E3
1.380E3
1.396E3
1.413E3
1.429E3
1.445E3
1.462E3
1.479E3
1.496E3
1.514E3
1.531E3
1.549E3
1.567E3
1.585E3
1.603E3
1.622E3
1.641E3
1.660E3
1.679E3
1.698E3
1.718E3
1.738E3
1.758E3
1.778E3
1.799E3
1.820E3
1.841E3
1.862E3
1.884E3
1.905E3
1.928E3
1.950E3
1.972E3
1.995E3
2.018E3
2.042E3
2.065E3
2.089E3
2.113E3
2.138E3
2.163E3
2.188E3
2.213E3
2.239E3
2.265E3
2.291E3
2.317E3
2.344E3
2.371E3
2.399E3
2.427E3
2.455E3
2.483E3
2.512E3
2.541E3
2.570E3
2.600E3
2.630E3
2.661E3
2.692E3
2.723E3
2.754E3
2.786E3
2.818E3
2.851E3
2.884E3
2.917E3
2.951E3
2.985E3
3.020E3
3.055E3
3.090E3
3.126E3
3.162E3
3.199E3
3.236E3
3.273E3
3.311E3
3.350E3
3.388E3
3.428E3
3.467E3
3.508E3
3.548E3
3.589E3
3.631E3
3.673E3
3.715E3
3.758E3
3.802E3
3.846E3
3.890E3
3.936E3
3.981E3
4.027E3
4.074E3
4.121E3
4.169E3
4.217E3
4.266E3
4.315E3
4.365E3
4.416E3
4.467E3
4.519E3
4.571E3
4.624E3
4.677E3
4.732E3
4.786E3
4.842E3
4.898E3
4.955E3
5.012E3
5.070E3
5.129E3
5.188E3
5.248E3
5.309E3
5.370E3
5.433E3
5.495E3
5.559E3
5.623E3
5.689E3
5.754E3
5.821E3
5.888E3
5.957E3
6.026E3
6.095E3
6.166E3
6.237E3
6.310E3
6.383E3
6.457E3
6.531E3
6.607E3
6.683E3
6.761E3
6.839E3
6.918E3
6.998E3
7.079E3
7.161E3
7.244E3
7.328E3
7.413E3
7.499E3
7.586E3
7.674E3
7.762E3
7.852E3
7.943E3
8.035E3
8.128E3
8.222E3
8.318E3
8.414E3
8.511E3
8.610E3
8.710E3
8.810E3
8.913E3
9.016E3
9.120E3
9.226E3
9.333E3
9.441E3
9.550E3
9.661E3
9.772E3
9.886E3
10.00E3
10.12E3
10.23E3
10.35E3
10.47E3
10.59E3
10.72E3
10.84E3
10.96E3
11.09E3
11.22E3
11.35E3
11.48E3
11.61E3
11.75E3
11.89E3
12.02E3
12.16E3
12.30E3
12.45E3
12.59E3
12.74E3
12.88E3
13.03E3
13.18E3
13.34E3
13.49E3
13.65E3
13.80E3
13.96E3
14.13E3
14.29E3
14.45E3
14.62E3
14.79E3
14.96E3
15.14E3
15.31E3
15.49E3
15.67E3
15.85E3
16.03E3
16.22E3
16.41E3
16.60E3
16.79E3
16.98E3
17.18E3
17.38E3
17.58E3
17.78E3
17.99E3
18.20E3
18.41E3
18.62E3
18.84E3
19.05E3
19.28E3
19.50E3
19.72E3
19.95E3
20.18E3
20.42E3
20.65E3
20.89E3
21.13E3
21.38E3
21.63E3
21.88E3
22.13E3
22.39E3
22.65E3
22.91E3
23.17E3
23.44E3
23.71E3
23.99E3
24.27E3
24.55E3
24.83E3
25.12E3
25.41E3
25.70E3
26.00E3
26.30E3
26.61E3
26.92E3
27.23E3
27.54E3
27.86E3
28.18E3
28.51E3
28.84E3
29.17E3
29.51E3
29.85E3
30.20E3
30.55E3
30.90E3
31.26E3
31.62E3
31.99E3
32.36E3
32.73E3
33.11E3
33.50E3
33.88E3
34.28E3
34.67E3
35.08E3
35.48E3
35.89E3
36.31E3
36.73E3
37.15E3
37.58E3
38.02E3
38.46E3
38.90E3
39.36E3
39.81E3
40.27E3
40.74E3
41.21E3
41.69E3
42.17E3
42.66E3
43.15E3
43.65E3
44.16E3
44.67E3
45.19E3
45.71E3
46.24E3
46.77E3
47.32E3
47.86E3
48.42E3
48.98E3
49.55E3
50.12E3
50.70E3
51.29E3
51.88E3
52.48E3
53.09E3
53.70E3
54.33E3
54.95E3
55.59E3
56.23E3
56.89E3
57.54E3
58.21E3
58.88E3
59.57E3
60.26E3
60.95E3
61.66E3
62.37E3
63.10E3
63.83E3
64.57E3
65.31E3
66.07E3
66.83E3
67.61E3
68.39E3
69.18E3
69.98E3
70.79E3
71.61E3
72.44E3
73.28E3
74.13E3
74.99E3
75.86E3
76.74E3
77.62E3
78.52E3
79.43E3
80.35E3
81.28E3
82.22E3
83.18E3
84.14E3
85.11E3
86.10E3
87.10E3
88.10E3
89.13E3
90.16E3
91.20E3
92.26E3
93.33E3
94.41E3
95.50E3
96.61E3
97.72E3
98.86E3
100.0E3
101.2E3
102.3E3
103.5E3
104.7E3
105.9E3
107.2E3
108.4E3
109.6E3
110.9E3
112.2E3
113.5E3
114.8E3
116.1E3
117.5E3
118.9E3
120.2E3
121.6E3
123.0E3
124.5E3
125.9E3
127.4E3
128.8E3
130.3E3
131.8E3
133.4E3
134.9E3
136.5E3
138.0E3
139.6E3
141.3E3
142.9E3
144.5E3
146.2E3
147.9E3
149.6E3
151.4E3
153.1E3
154.9E3
156.7E3
158.5E3
160.3E3
162.2E3
164.1E3
166.0E3
167.9E3
169.8E3
171.8E3
173.8E3
175.8E3
177.8E3
179.9E3
182.0E3
184.1E3
186.2E3
188.4E3
190.5E3
192.8E3
195.0E3
197.2E3
199.5E3
201.8E3
204.2E3
206.5E3
208.9E3
211.3E3
213.8E3
216.3E3
218.8E3
221.3E3
223.9E3
226.5E3
229.1E3
231.7E3
234.4E3
237.1E3
239.9E3
242.7E3
245.5E3
248.3E3
251.2E3
254.1E3
257.0E3
260.0E3
263.0E3
266.1E3
269.2E3
272.3E3
275.4E3
278.6E3
281.8E3
285.1E3
288.4E3
291.7E3
295.1E3
298.5E3
302.0E3
305.5E3
309.0E3
312.6E3
316.2E3
319.9E3
323.6E3
327.3E3
331.1E3
335.0E3
338.8E3
342.8E3
346.7E3
350.8E3
354.8E3
358.9E3
363.1E3
367.3E3
371.5E3
375.8E3
380.2E3
384.6E3
389.0E3
393.6E3
398.1E3
402.7E3
407.4E3
412.1E3
416.9E3
421.7E3
426.6E3
431.5E3
436.5E3
441.6E3
446.7E3
451.9E3
457.1E3
462.4E3
467.7E3
473.2E3
478.6E3
484.2E3
489.8E3
495.5E3
501.2E3
507.0E3
512.9E3
518.8E3
524.8E3
530.9E3
537.0E3
543.3E3
549.5E3
555.9E3
562.3E3
568.9E3
575.4E3
582.1E3
588.8E3
595.7E3
602.6E3
609.5E3
616.6E3
623.7E3
631.0E3
638.3E3
645.7E3
653.1E3
660.7E3
668.3E3
676.1E3
683.9E3
691.8E3
699.8E3
707.9E3
716.1E3
724.4E3
732.8E3
741.3E3
749.9E3
758.6E3
767.4E3
776.2E3
785.2E3
794.3E3
803.5E3
812.8E3
822.2E3
831.8E3
841.4E3
851.1E3
861.0E3
871.0E3
881.0E3
891.3E3
901.6E3
912.0E3
922.6E3
933.3E3
944.1E3
955.0E3
966.1E3
977.2E3
988.6E3
1.000E6
1.012E6
1.023E6
1.035E6
1.047E6
1.059E6
1.072E6
1.084E6
1.096E6
1.109E6
1.122E6
1.135E6
1.148E6
1.161E6
1.175E6
1.189E6
1.202E6
1.216E6
1.230E6
1.245E6
1.259E6
1.274E6
1.288E6
1.303E6
1.318E6
1.334E6
1.349E6
1.365E6
1.380E6
1.396E6
1.413E6
1.429E6
1.445E6
1.462E6
1.479E6
1.496E6
1.514E6
1.531E6
1.549E6
1.567E6
1.585E6
1.603E6
1.622E6
1.641E6
1.660E6
1.679E6
1.698E6
1.718E6
1.738E6
1.758E6
1.778E6
1.799E6
1.820E6
1.841E6
1.862E6
1.884E6
1.905E6
1.928E6
1.950E6
1.972E6
1.995E6
2.018E6
2.042E6
2.065E6
2.089E6
2.113E6
2.138E6
2.163E6
2.188E6
2.213E6
2.239E6
2.265E6
2.291E6
2.317E6
2.344E6
2.371E6
2.399E6
2.427E6
2.455E6
2.483E6
2.512E6
2.541E6
2.570E6
2.600E6
2.630E6
2.661E6
2.692E6
2.723E6
2.754E6
2.786E6
2.818E6
2.851E6
2.884E6
2.917E6
2.951E6
2.985E6
3.020E6
3.055E6
3.090E6
3.126E6
3.162E6
3.199E6
3.236E6
3.273E6
3.311E6
3.350E6
3.388E6
3.428E6
3.467E6
3.508E6
3.548E6
3.589E6
3.631E6
3.673E6
3.715E6
3.758E6
3.802E6
3.846E6
3.890E6
3.936E6
3.981E6
4.027E6
4.074E6
4.121E6
4.169E6
4.217E6
4.266E6
4.315E6
4.365E6
4.416E6
4.467E6
4.519E6
4.571E6
4.624E6
4.677E6
4.732E6
4.786E6
4.842E6
4.898E6
4.955E6
5.012E6
5.070E6
5.129E6
5.188E6
5.248E6
5.309E6
5.370E6
5.433E6
5.495E6
5.559E6
5.623E6
5.689E6
5.754E6
5.821E6
5.888E6
5.957E6
6.026E6
6.095E6
6.166E6
6.237E6
6.310E6
6.383E6
6.457E6
6.531E6
6.607E6
6.683E6
6.761E6
6.839E6
6.918E6
6.998E6
7.079E6
7.161E6
7.244E6
7.328E6
7.413E6
7.499E6
7.586E6
7.674E6
7.762E6
7.852E6
7.943E6
8.035E6
8.128E6
8.222E6
8.318E6
8.414E6
8.511E6
8.610E6
8.710E6
8.810E6
8.913E6
9.016E6
9.120E6
9.226E6
9.333E6
9.441E6
9.550E6
9.661E6
9.772E6
9.886E6
10.00E6
10.12E6
10.23E6
10.35E6
10.47E6
10.59E6
10.72E6
10.84E6
10.96E6
11.09E6
11.22E6
11.35E6
11.48E6
11.61E6
11.75E6
11.89E6
12.02E6
12.16E6
12.30E6
12.45E6
12.59E6
12.74E6
12.88E6
13.03E6
13.18E6
13.34E6
13.49E6
13.65E6
13.80E6
13.96E6
14.13E6
14.29E6
14.45E6
14.62E6
14.79E6
14.96E6
15.14E6
15.31E6
15.49E6
15.67E6
15.85E6
16.03E6
16.22E6
16.41E6
16.60E6
16.79E6
16.98E6
17.18E6
17.38E6
17.58E6
17.78E6
17.99E6
18.20E6
18.41E6
18.62E6
18.84E6
19.05E6
19.28E6
19.50E6
19.72E6
19.95E6
20.18E6
20.42E6
20.65E6
20.89E6
21.13E6
21.38E6
21.63E6
21.88E6
22.13E6
22.39E6
22.65E6
22.91E6
23.17E6
23.44E6
23.71E6
23.99E6
24.27E6
24.55E6
24.83E6
25.12E6
25.41E6
25.70E6
26.00E6
26.30E6
26.61E6
26.92E6
27.23E6
27.54E6
27.86E6
28.18E6
28.51E6
28.84E6
29.17E6
29.51E6
29.85E6
30.20E6
30.55E6
30.90E6
31.26E6
31.62E6
31.99E6
32.36E6
32.73E6
33.11E6
33.50E6
33.88E6
34.28E6
34.67E6
35.08E6
35.48E6
35.89E6
36.31E6
36.73E6
37.15E6
37.58E6
38.02E6
38.46E6
38.90E6
39.36E6
39.81E6
40.27E6
40.74E6
41.21E6
41.69E6
42.17E6
42.66E6
43.15E6
43.65E6
44.16E6
44.67E6
45.19E6
45.71E6
46.24E6
46.77E6
47.32E6
47.86E6
48.42E6
48.98E6
49.55E6
50.12E6
50.70E6
51.29E6
51.88E6
52.48E6
53.09E6
53.70E6
54.33E6
54.95E6
55.59E6
56.23E6
56.89E6
57.54E6
58.21E6
58.88E6
59.57E6
60.26E6
60.95E6
61.66E6
62.37E6
63.10E6
63.83E6
64.57E6
65.31E6
66.07E6
66.83E6
67.61E6
68.39E6
69.18E6
69.98E6
70.79E6
71.61E6
72.44E6
73.28E6
74.13E6
74.99E6
75.86E6
76.74E6
77.62E6
78.52E6
79.43E6
80.35E6
81.28E6
82.22E6
83.18E6
84.14E6
85.11E6
86.10E6
87.10E6
88.10E6
89.13E6
90.16E6
91.20E6
92.26E6
93.33E6
94.41E6
95.50E6
96.61E6
97.72E6
98.86E6
100.0E6
101.2E6
102.3E6
103.5E6
104.7E6
105.9E6
107.2E6
108.4E6
109.6E6
110.9E6
112.2E6
113.5E6
114.8E6
116.1E6
117.5E6
118.9E6
120.2E6
121.6E6
123.0E6
124.5E6
125.9E6
127.4E6
128.8E6
130.3E6
131.8E6
133.4E6
134.9E6
136.5E6
138.0E6
139.6E6
141.3E6
142.9E6
144.5E6
146.2E6
147.9E6
149.6E6
151.4E6
153.1E6
154.9E6
156.7E6
158.5E6
160.3E6
162.2E6
164.1E6
166.0E6
167.9E6
169.8E6
171.8E6
173.8E6
175.8E6
177.8E6
179.9E6
182.0E6
184.1E6
186.2E6
188.4E6
190.5E6
192.8E6
195.0E6
197.2E6
199.5E6
201.8E6
204.2E6
206.5E6
208.9E6
211.3E6
213.8E6
216.3E6
218.8E6
221.3E6
223.9E6
226.5E6
229.1E6
231.7E6
234.4E6
237.1E6
239.9E6
242.7E6
245.5E6
248.3E6
251.2E6
254.1E6
257.0E6
260.0E6
263.0E6
266.1E6
269.2E6
272.3E6
275.4E6
278.6E6
281.8E6
285.1E6
288.4E6
291.7E6
295.1E6
298.5E6
302.0E6
305.5E6
309.0E6
312.6E6
316.2E6
319.9E6
323.6E6
327.3E6
331.1E6
335.0E6
338.8E6
342.8E6
346.7E6
350.8E6
354.8E6
358.9E6
363.1E6
367.3E6
371.5E6
375.8E6
380.2E6
384.6E6
389.0E6
393.6E6
398.1E6
402.7E6
407.4E6
412.1E6
416.9E6
421.7E6
426.6E6
431.5E6
436.5E6
441.6E6
446.7E6
451.9E6
457.1E6
462.4E6
467.7E6
473.2E6
478.6E6
484.2E6
489.8E6
495.5E6
501.2E6
507.0E6
512.9E6
518.8E6
524.8E6
530.9E6
537.0E6
543.3E6
549.5E6
555.9E6
562.3E6
568.9E6
575.4E6
582.1E6
588.8E6
595.7E6
602.6E6
609.5E6
616.6E6
623.7E6
631.0E6
638.3E6
645.7E6
653.1E6
660.7E6
668.3E6
676.1E6
683.9E6
691.8E6
699.8E6
707.9E6
716.1E6
724.4E6
732.8E6
741.3E6
749.9E6
758.6E6
767.4E6
776.2E6
785.2E6
794.3E6
803.5E6
812.8E6
822.2E6
831.8E6
841.4E6
851.1E6
861.0E6
871.0E6
881.0E6
891.3E6
901.6E6
912.0E6
922.6E6
933.3E6
944.1E6
955.0E6
966.1E6
977.2E6
988.6E6
1.000E9
1.012E9
1.023E9
1.035E9
1.047E9
1.059E9
1.072E9
1.084E9
1.096E9
1.109E9
1.122E9
1.135E9
1.148E9
1.161E9
1.175E9
1.189E9
1.202E9
1.216E9
1.230E9
1.245E9
1.259E9
1.274E9
1.288E9
1.303E9
1.318E9
1.334E9
1.349E9
1.365E9
1.380E9
1.396E9
1.413E9
1.429E9
1.445E9
1.462E9
1.479E9
1.496E9
1.514E9
1.531E9
1.549E9
1.567E9
1.585E9
1.603E9
1.622E9
1.641E9
1.660E9
1.679E9
1.698E9
1.718E9
1.738E9
1.758E9
1.778E9
1.799E9
1.820E9
1.841E9
1.862E9
1.884E9
1.905E9
1.928E9
1.950E9
1.972E9
1.995E9
2.018E9
2.042E9
2.065E9
2.089E9
2.113E9
2.138E9
2.163E9
2.188E9
2.213E9
2.239E9
2.265E9
2.291E9
2.317E9
2.344E9
2.371E9
2.399E9
2.427E9
2.455E9
2.483E9
2.512E9
2.541E9
2.570E9
2.600E9
2.630E9
2.661E9
2.692E9
2.723E9
2.754E9
2.786E9
2.818E9
2.851E9
2.884E9
2.917E9
2.951E9
2.985E9
3.020E9
3.055E9
3.090E9
3.126E9
3.162E9
3.199E9
3.236E9
3.273E9
3.311E9
3.350E9
3.388E9
3.428E9
3.467E9
3.508E9
3.548E9
3.589E9
3.631E9
3.673E9
3.715E9
3.758E9
3.802E9
3.846E9
3.890E9
3.936E9
3.981E9
4.027E9
4.074E9
4.121E9
4.169E9
4.217E9
4.266E9
4.315E9
4.365E9
4.416E9
4.467E9
4.519E9
4.571E9
4.624E9
4.677E9
4.732E9
4.786E9
4.842E9
4.898E9
4.955E9
5.012E9
5.070E9
5.129E9
5.188E9
5.248E9
5.309E9
5.370E9
5.433E9
5.495E9
5.559E9
5.623E9
5.689E9
5.754E9
5.821E9
5.888E9
5.957E9
6.026E9
6.095E9
6.166E9
6.237E9
6.310E9
6.383E9
6.457E9
6.531E9
6.607E9
6.683E9
6.761E9
6.839E9
6.918E9
6.998E9
7.079E9
7.161E9
7.244E9
7.328E9
7.413E9
7.499E9
7.586E9
7.674E9
7.762E9
7.852E9
7.943E9
8.035E9
8.128E9
8.222E9
8.318E9
8.414E9
8.511E9
8.610E9
8.710E9
8.810E9
8.913E9
9.016E9
9.120E9
9.226E9
9.333E9
9.441E9
9.550E9
9.661E9
9.772E9
9.886E9
10.00E9