%phase
-184.1E-3
-186.3E-3
-188.4E-3
-190.6E-3
-192.8E-3
-195.1E-3
-197.3E-3
-199.6E-3
-201.9E-3
-204.2E-3
-206.6E-3
-209.0E-3
-211.4E-3
-213.9E-3
-216.3E-3
-218.9E-3
-221.4E-3
-224.0E-3
-226.5E-3
-229.2E-3
-231.8E-3
-234.5E-3
-237.2E-3
-240.0E-3
-242.7E-3
-245.6E-3
-248.4E-3
-251.3E-3
-254.2E-3
-257.1E-3
-260.1E-3
-263.1E-3
-266.2E-3
-269.3E-3
-272.4E-3
-275.5E-3
-278.7E-3
-281.9E-3
-285.2E-3
-288.5E-3
-291.8E-3
-295.2E-3
-298.6E-3
-302.1E-3
-305.6E-3
-309.1E-3
-312.7E-3
-316.3E-3
-320.0E-3
-323.7E-3
-327.5E-3
-331.2E-3
-335.1E-3
-339.0E-3
-342.9E-3
-346.9E-3
-350.9E-3
-354.9E-3
-359.0E-3
-363.2E-3
-367.4E-3
-371.7E-3
-376.0E-3
-380.3E-3
-384.7E-3
-389.2E-3
-393.7E-3
-398.2E-3
-402.9E-3
-407.5E-3
-412.2E-3
-417.0E-3
-421.8E-3
-426.7E-3
-431.7E-3
-436.7E-3
-441.7E-3
-446.8E-3
-452.0E-3
-457.2E-3
-462.5E-3
-467.9E-3
-473.3E-3
-478.8E-3
-484.3E-3
-489.9E-3
-495.6E-3
-501.4E-3
-507.2E-3
-513.0E-3
-519.0E-3
-525.0E-3
-531.1E-3
-537.2E-3
-543.4E-3
-549.7E-3
-556.1E-3
-562.5E-3
-569.0E-3
-575.6E-3
-582.3E-3
-589.0E-3
-595.9E-3
-602.8E-3
-609.7E-3
-616.8E-3
-623.9E-3
-631.2E-3
-638.5E-3
-645.9E-3
-653.3E-3
-660.9E-3
-668.6E-3
-676.3E-3
-684.1E-3
-692.1E-3
-700.1E-3
-708.2E-3
-716.4E-3
-724.7E-3
-733.1E-3
-741.5E-3
-750.1E-3
-758.8E-3
-767.6E-3
-776.5E-3
-785.5E-3
-794.6E-3
-803.8E-3
-813.1E-3
-822.5E-3
-832.0E-3
-841.6E-3
-851.4E-3
-861.2E-3
-871.2E-3
-881.3E-3
-891.5E-3
-901.8E-3
-912.3E-3
-922.8E-3
-933.5E-3
-944.3E-3
-955.3E-3
-966.3E-3
-977.5E-3
-988.8E-3
-1.000
-1.012
-1.024
-1.035
-1.047
-1.060
-1.072
-1.084
-1.097
-1.109
-1.122
-1.135
-1.148
-1.162
-1.175
-1.189
-1.203
-1.216
-1.231
-1.245
-1.259
-1.274
-1.289
-1.303
-1.319
-1.334
-1.349
-1.365
-1.381
-1.397
-1.413
-1.429
-1.446
-1.462
-1.479
-1.496
-1.514
-1.531
-1.549
-1.567
-1.585
-1.603
-1.622
-1.641
-1.660
-1.679
-1.698
-1.718
-1.738
-1.758
-1.778
-1.799
-1.820
-1.841
-1.862
-1.884
-1.905
-1.928
-1.950
-1.972
-1.995
-2.018
-2.042
-2.065
-2.089
-2.113
-2.138
-2.162
-2.188
-2.213
-2.238
-2.264
-2.290
-2.317
-2.344
-2.371
-2.398
-2.426
-2.454
-2.483
-2.511
-2.540
-2.570
-2.599
-2.629
-2.660
-2.691
-2.722
-2.753
-2.785
-2.817
-2.850
-2.883
-2.916
-2.950
-2.984
-3.018
-3.053
-3.088
-3.124
-3.160
-3.197
-3.234
-3.271
-3.309
-3.347
-3.386
-3.425
-3.464
-3.504
-3.545
-3.586
-3.627
-3.669
-3.712
-3.754
-3.798
-3.842
-3.886
-3.931
-3.976
-4.022
-4.068
-4.115
-4.163
-4.211
-4.260
-4.309
-4.358
-4.409
-4.459
-4.511
-4.563
-4.616
-4.669
-4.723
-4.777
-4.832
-4.888
-4.944
-5.001
-5.059
-5.117
-5.176
-5.235
-5.296
-5.357
-5.418
-5.481
-5.544
-5.608
-5.672
-5.737
-5.803
-5.870
-5.938
-6.006
-6.075
-6.145
-6.215
-6.287
-6.359
-6.432
-6.506
-6.580
-6.656
-6.732
-6.809
-6.888
-6.967
-7.046
-7.127
-7.209
-7.291
-7.375
-7.459
-7.545
-7.631
-7.718
-7.807
-7.896
-7.986
-8.077
-8.170
-8.263
-8.357
-8.453
-8.549
-8.647
-8.745
-8.845
-8.946
-9.048
-9.151
-9.255
-9.360
-9.466
-9.574
-9.683
-9.793
-9.904
-10.02
-10.13
-10.24
-10.36
-10.48
-10.60
-10.72
-10.84
-10.96
-11.08
-11.21
-11.34
-11.46
-11.59
-11.72
-11.86
-11.99
-12.12
-12.26
-12.40
-12.54
-12.68
-12.82
-12.96
-13.11
-13.25
-13.40
-13.55
-13.70
-13.85
-14.01
-14.16
-14.32
-14.48
-14.64
-14.80
-14.97
-15.13
-15.30
-15.47
-15.64
-15.81
-15.98
-16.16
-16.34
-16.52
-16.70
-16.88
-17.06
-17.25
-17.44
-17.63
-17.82
-18.01
-18.21
-18.40
-18.60
-18.80
-19.00
-19.21
-19.41
-19.62
-19.83
-20.04
-20.26
-20.47
-20.69
-20.91
-21.13
-21.35
-21.57
-21.80
-22.03
-22.26
-22.49
-22.73
-22.96
-23.20
-23.44
-23.68
-23.93
-24.17
-24.42
-24.67
-24.92
-25.17
-25.43
-25.68
-25.94
-26.20
-26.47
-26.73
-27.00
-27.26
-27.53
-27.80
-28.08
-28.35
-28.63
-28.91
-29.19
-29.47
-29.75
-30.04
-30.32
-30.61
-30.90
-31.19
-31.49
-31.78
-32.08
-32.38
-32.67
-32.97
-33.28
-33.58
-33.88
-34.19
-34.50
-34.81
-35.12
-35.43
-35.74
-36.05
-36.37
-36.68
-37.00
-37.32
-37.64
-37.96
-38.28
-38.60
-38.92
-39.24
-39.57
-39.89
-40.22
-40.54
-40.87
-41.20
-41.52
-41.85
-42.18
-42.51
-42.84
-43.17
-43.49
-43.82
-44.15
-44.48
-44.81
-45.14
-45.47
-45.80
-46.13
-46.46
-46.79
-47.12
-47.45
-47.78
-48.11
-48.44
-48.76
-49.09
-49.42
-49.74
-50.07
-50.39
-50.72
-51.04
-51.36
-51.68
-52.01
-52.33
-52.64
-52.96
-53.28
-53.60
-53.91
-54.22
-54.54
-54.85
-55.16
-55.47
-55.78
-56.08
-56.39
-56.69
-56.99
-57.30
-57.59
-57.89
-58.19
-58.48
-58.78
-59.07
-59.36
-59.65
-59.94
-60.22
-60.51
-60.79
-61.07
-61.35
-61.63
-61.90
-62.18
-62.45
-62.72
-62.99
-63.25
-63.52
-63.78
-64.04
-64.30
-64.56
-64.82
-65.07
-65.32
-65.57
-65.82
-66.07
-66.31
-66.55
-66.79
-67.03
-67.27
-67.50
-67.74
-67.97
-68.20
-68.43
-68.65
-68.88
-69.10
-69.32
-69.54
-69.75
-69.97
-70.18
-70.39
-70.60
-70.80
-71.01
-71.21
-71.41
-71.61
-71.81
-72.01
-72.20
-72.39
-72.58
-72.77
-72.96
-73.15
-73.33
-73.51
-73.69
-73.87
-74.05
-74.22
-74.39
-74.56
-74.73
-74.90
-75.07
-75.23
-75.40
-75.56
-75.72
-75.88
-76.03
-76.19
-76.34
-76.50
-76.65
-76.80
-76.94
-77.09
-77.23
-77.38
-77.52
-77.66
-77.80
-77.94
-78.07
-78.21
-78.34
-78.47
-78.60
-78.73
-78.86
-78.99
-79.11
-79.24
-79.36
-79.48
-79.60
-79.72
-79.84
-79.95
-80.07
-80.18
-80.29
-80.41
-80.52
-80.63
-80.73
-80.84
-80.95
-81.05
-81.15
-81.26
-81.36
-81.46
-81.56
-81.66
-81.75
-81.85
-81.94
-82.04
-82.13
-82.22
-82.31
-82.40
-82.49
-82.58
-82.67
-82.75
-82.84
-82.92
-83.01
-83.09
-83.17
-83.25
-83.33
-83.41
-83.49
-83.57
-83.65
-83.72
-83.80
-83.87
-83.94
-84.02
-84.09
-84.16
-84.23
-84.30
-84.37
-84.44
-84.51
-84.57
-84.64
-84.70
-84.77
-84.83
-84.90
-84.96
-85.02
-85.08
-85.14
-85.20
-85.26
-85.32
-85.38
-85.44
-85.50
-85.55
-85.61
-85.66
-85.72
-85.77
-85.83
-85.88
-85.93
-85.99
-86.04
-86.09
-86.14
-86.19
-86.24
-86.29
-86.34
-86.39
-86.43
-86.48
-86.53
-86.57
-86.62
-86.66
-86.71
-86.75
-86.80
-86.84
-86.89
-86.93
-86.97
-87.01
-87.05
-87.10
-87.14
-87.18
-87.22
-87.26
-87.30
-87.34
-87.37
-87.41
-87.45
-87.49
-87.53
-87.56
-87.60
-87.64
-87.67
-87.71
-87.74
-87.78
-87.81
-87.85
-87.88
-87.92
-87.95
-87.98
-88.02
-88.05
-88.08
-88.12
-88.15
-88.18
-88.21
-88.24
-88.27
-88.31
-88.34
-88.37
-88.40
-88.43
-88.46
-88.49
-88.52
-88.55
-88.58
-88.61
-88.63
-88.66
-88.69
-88.72
-88.75
-88.78
-88.80
-88.83
-88.86
-88.89
-88.91
-88.94
-88.97
-88.99
-89.02
-89.05
-89.07
-89.10
-89.13
-89.15
-89.18
-89.20
-89.23
-89.25
-89.28
-89.31
-89.33
-89.36
-89.38
-89.41
-89.43
-89.46
-89.48
-89.51
-89.53
-89.56
-89.58
-89.60
-89.63
-89.65
-89.68
-89.70
-89.73
-89.75
-89.77
-89.80
-89.82
-89.85
-89.87
-89.90
-89.92
-89.94
-89.97
-89.99
-90.02
-90.04
-90.06
-90.09
-90.11
-90.14
-90.16
-90.18
-90.21
-90.23
-90.26
-90.28
-90.31
-90.33
-90.35
-90.38
-90.40
-90.43
-90.45
-90.48
-90.50
-90.53
-90.55
-90.58
-90.60
-90.63
-90.65
-90.68
-90.70
-90.73
-90.75
-90.78
-90.80
-90.83
-90.86
-90.88
-90.91
-90.93
-90.96
-90.99
-91.01
-91.04
-91.07
-91.10
-91.12
-91.15
-91.18
-91.20
-91.23
-91.26
-91.29
-91.32
-91.35
-91.37
-91.40
-91.43
-91.46
-91.49
-91.52
-91.55
-91.58
-91.61
-91.64
-91.67
-91.70
-91.73
-91.76
-91.80
-91.83
-91.86
-91.89
-91.92
-91.96
-91.99
-92.02
-92.06
-92.09
-92.12
-92.16
-92.19
-92.23
-92.26
-92.30
-92.33
-92.37
-92.41
-92.44
-92.48
-92.52
-92.56
-92.59
-92.63
-92.67
-92.71
-92.75
-92.79
-92.83
-92.87
-92.91
-92.95
-92.99
-93.03
-93.08
-93.12
-93.16
-93.21
-93.25
-93.29
-93.34
-93.38
-93.43
-93.48
-93.52
-93.57
-93.62
-93.66
-93.71
-93.76
-93.81
-93.86
-93.91
-93.96
-94.01
-94.06
-94.12
-94.17
-94.22
-94.27
-94.33
-94.38
-94.44
-94.49
-94.55
-94.61
-94.67
-94.72
-94.78
-94.84
-94.90
-94.96
-95.02
-95.08
-95.15
-95.21
-95.27
-95.34
-95.40
-95.47
-95.53
-95.60
-95.67
-95.74
-95.81
-95.88
-95.95
-96.02
-96.09
-96.16
-96.23
-96.31
-96.38
-96.46
-96.53
-96.61
-96.69
-96.77
-96.84
-96.92
-97.00
-97.09
-97.17
-97.25
-97.33
-97.42
-97.50
-97.59
-97.68
-97.77
-97.85
-97.94
-98.03
-98.13
-98.22
-98.31
-98.41
-98.50
-98.60
-98.69
-98.79
-98.89
-98.99
-99.09
-99.19
-99.29
-99.39
-99.50
-99.60
-99.71
-99.81
-99.92
-100.0
-100.1
-100.3
-100.4
-100.5
-100.6
-100.7
-100.8
-100.9
-101.1
-101.2
-101.3
-101.4
-101.5
-101.7
-101.8
-101.9
-102.0
-102.1
-102.3
-102.4
-102.5
-102.7
-102.8
-102.9
-103.1
-103.2
-103.3
-103.5
-103.6
-103.7
-103.9
-104.0
-104.1
-104.3
-104.4
-104.6
-104.7
-104.9
-105.0
-105.2
-105.3
-105.4
-105.6
-105.7
-105.9
-106.0
-106.2
-106.4
-106.5
-106.7
-106.8
-107.0
-107.1
-107.3
-107.4
-107.6
-107.8
-107.9
-108.1
-108.2
-108.4
-108.6
-108.7
-108.9
-109.1
-109.2
-109.4
-109.6
-109.7
-109.9
-110.1
-110.2
-110.4
-110.6
-110.7
-110.9
-111.1
-111.2
-111.4
-111.6
-111.8
-111.9
-112.1
-112.3
-112.5
-112.6
-112.8
-113.0
-113.2
-113.3
-113.5
-113.7
-113.9
-114.0
-114.2
-114.4
-114.6
-114.8
-114.9
-115.1
-115.3
-115.5
-115.7
-115.8
-116.0
-116.2
-116.4
-116.6
-116.8
-117.0
-117.1
-117.3
-117.5
-117.7
-117.9
-118.1
-118.3
-118.5
-118.7
-118.9
-119.1
-119.3
-119.5
-119.7
-119.9
-120.1
-120.3
-120.5
-120.7
-120.9
-121.2
-121.4
-121.6
-121.8
-122.0
-122.3
-122.5
-122.7
-123.0
-123.2
-123.4
-123.7
-123.9
-124.2
-124.4
-124.7
-124.9
-125.2
-125.4
-125.7
-126.0
-126.3
-126.5
-126.8
-127.1
-127.4
-127.7
-128.0
-128.3
-128.6
-128.9
-129.2
-129.5
-129.9
-130.2
-130.5
-130.9
-131.2
-131.6
-131.9
-132.3
-132.6
-133.0
-133.4
-133.8
-134.2
-134.5
-134.9
-135.4
-135.8
-136.2
-136.6
-137.0
-137.5
-137.9
-138.3
-138.8
-139.2
-139.7
-140.2
-140.7
-141.1
-141.6
-142.1
-142.6
-143.1
-143.6
-144.2
-144.7
-145.2
-145.8
-146.3
-146.9
-147.4
-148.0
-148.5
-149.1
-149.7
-150.3
-150.9
-151.5
-152.1
-152.7
-153.3
-154.0
-154.6
-155.2
-155.9
-156.5
-157.2
-157.8
-158.5
-159.2
-159.9
-160.6
-161.2
-161.9
-162.6
-163.3
-164.1
-164.8
-165.5
-166.2
-167.0
-167.7
-168.5
-169.2
-170.0
-170.7
-171.5
-172.3
-173.0
-173.8
-174.6
-175.4
-176.2
-177.0
-177.8
-178.6
-179.4
-180.2
-181.0
-181.8
-182.7
-183.5
-184.3
-185.2
-186.0
-186.8
-187.7
-188.5
-189.4
-190.2
-191.1
-192.0
-192.8
-193.7
-194.6
-195.4
-196.3
-197.2
-198.0
-198.9
-199.8
-200.7
-201.6
-202.5
-203.3
-204.2
-205.1
-206.0
-206.9
-207.8
-208.7
-209.6
-210.5
-211.4
-212.3
-213.2
-214.1
-215.0
-215.9
-216.8
-217.7
-218.6
-219.5
-220.4
-221.3
-222.2
-223.1
-224.0
-224.8
-225.7
-226.6
-227.5
-228.4
-229.3
-230.2
-231.1
-232.0
-232.9
-233.8
-234.7
-235.5
-236.4
-237.3
-238.2
-239.1
-239.9
-240.8
-241.7
-242.6
-243.4
-244.3
-245.2
-246.0
-246.9
-247.7
-248.6
-249.4
-250.3
-251.1
-252.0
-252.8
-253.7
-254.5
-255.3
-256.2
-257.0
-257.8
-258.7
-259.5
-260.3
-261.1
-261.9
-262.7
-263.5
-264.3
-265.1
-265.9
-266.7
-267.5
-268.3