%Gain
60.72
60.72
60.72
60.72
60.72
60.72
60.72
60.72
60.72
60.72
60.72
60.72
60.72
60.72
60.72
60.72
60.72
60.72
60.72
60.72
60.72
60.72
60.72
60.72
60.72
60.72
60.72
60.72
60.72
60.72
60.72
60.72
60.72
60.72
60.72
60.72
60.72
60.72
60.72
60.72
60.72
60.72
60.72
60.72
60.72
60.72
60.72
60.72
60.72
60.72
60.72
60.72
60.72
60.72
60.72
60.72
60.72
60.72
60.72
60.72
60.72
60.72
60.72
60.72
60.72
60.72
60.72
60.72
60.72
60.72
60.72
60.72
60.72
60.72
60.72
60.72
60.72
60.72
60.72
60.72
60.72
60.72
60.72
60.72
60.72
60.72
60.72
60.72
60.72
60.72
60.72
60.72
60.72
60.72
60.72
60.72
60.72
60.72
60.72
60.72
60.72
60.72
60.72
60.72
60.72
60.72
60.72
60.72
60.72
60.72
60.72
60.72
60.72
60.72
60.72
60.72
60.72
60.72
60.72
60.72
60.72
60.72
60.72
60.72
60.72
60.72
60.72
60.72
60.72
60.72
60.72
60.72
60.72
60.72
60.72
60.72
60.72
60.72
60.72
60.72
60.72
60.72
60.72
60.72
60.72
60.72
60.72
60.72
60.72
60.72
60.72
60.72
60.72
60.72
60.72
60.72
60.72
60.72
60.72
60.72
60.72
60.72
60.72
60.72
60.72
60.71
60.71
60.71
60.71
60.71
60.71
60.71
60.71
60.71
60.71
60.71
60.71
60.71
60.71
60.71
60.71
60.71
60.71
60.71
60.71
60.71
60.71
60.71
60.71
60.71
60.71
60.71
60.71
60.71
60.71
60.71
60.71
60.71
60.71
60.71
60.71
60.71
60.71
60.71
60.71
60.71
60.71
60.71
60.71
60.71
60.71
60.71
60.71
60.71
60.71
60.71
60.71
60.71
60.71
60.71
60.71
60.71
60.71
60.71
60.71
60.71
60.71
60.71
60.71
60.71
60.71
60.71
60.71
60.71
60.71
60.71
60.71
60.71
60.71
60.71
60.71
60.71
60.71
60.71
60.71
60.71
60.71
60.71
60.71
60.71
60.71
60.71
60.71
60.71
60.71
60.71
60.70
60.70
60.70
60.70
60.70
60.70
60.70
60.70
60.70
60.70
60.70
60.70
60.70
60.70
60.70
60.70
60.70
60.70
60.70
60.70
60.70
60.70
60.70
60.70
60.70
60.70
60.70
60.70
60.69
60.69
60.69
60.69
60.69
60.69
60.69
60.69
60.69
60.69
60.69
60.69
60.69
60.69
60.69
60.69
60.69
60.68
60.68
60.68
60.68
60.68
60.68
60.68
60.68
60.68
60.68
60.68
60.68
60.67
60.67
60.67
60.67
60.67
60.67
60.67
60.67
60.67
60.66
60.66
60.66
60.66
60.66
60.66
60.66
60.66
60.65
60.65
60.65
60.65
60.65
60.65
60.65
60.64
60.64
60.64
60.64
60.64
60.63
60.63
60.63
60.63
60.63
60.62
60.62
60.62
60.62
60.62
60.61
60.61
60.61
60.61
60.60
60.60
60.60
60.60
60.59
60.59
60.59
60.58
60.58
60.58
60.58
60.57
60.57
60.57
60.56
60.56
60.55
60.55
60.55
60.54
60.54
60.54
60.53
60.53
60.52
60.52
60.51
60.51
60.50
60.50
60.49
60.49
60.48
60.48
60.47
60.47
60.46
60.46
60.45
60.45
60.44
60.43
60.43
60.42
60.41
60.41
60.40
60.39
60.39
60.38
60.37
60.36
60.35
60.35
60.34
60.33
60.32
60.31
60.30
60.29
60.29
60.28
60.27
60.26
60.25
60.24
60.22
60.21
60.20
60.19
60.18
60.17
60.16
60.14
60.13
60.12
60.11
60.09
60.08
60.07
60.05
60.04
60.02
60.01
59.99
59.98
59.96
59.94
59.93
59.91
59.89
59.88
59.86
59.84
59.82
59.80
59.78
59.77
59.75
59.73
59.70
59.68
59.66
59.64
59.62
59.60
59.57
59.55
59.53
59.50
59.48
59.45
59.43
59.40
59.37
59.35
59.32
59.29
59.26
59.24
59.21
59.18
59.15
59.12
59.09
59.05
59.02
58.99
58.96
58.92
58.89
58.85
58.82
58.78
58.75
58.71
58.67
58.64
58.60
58.56
58.52
58.48
58.44
58.40
58.36
58.31
58.27
58.23
58.18
58.14
58.09
58.05
58.00
57.95
57.91
57.86
57.81
57.76
57.71
57.66
57.61
57.56
57.51
57.46
57.40
57.35
57.29
57.24
57.18
57.13
57.07
57.01
56.96
56.90
56.84
56.78
56.72
56.66
56.60
56.54
56.48
56.41
56.35
56.29
56.22
56.16
56.09
56.03
55.96
55.89
55.83
55.76
55.69
55.62
55.55
55.48
55.41
55.34
55.27
55.20
55.13
55.05
54.98
54.91
54.83
54.76
54.68
54.61
54.53
54.46
54.38
54.30
54.23
54.15
54.07
53.99
53.91
53.83
53.75
53.67
53.59
53.51
53.43
53.35
53.27
53.19
53.10
53.02
52.94
52.85
52.77
52.69
52.60
52.52
52.43
52.35
52.26
52.17
52.09
52.00
51.91
51.83
51.74
51.65
51.57
51.48
51.39
51.30
51.21
51.12
51.03
50.94
50.86
50.77
50.68
50.59
50.50
50.40
50.31
50.22
50.13
50.04
49.95
49.86
49.77
49.67
49.58
49.49
49.40
49.30
49.21
49.12
49.02
48.93
48.84
48.74
48.65
48.56
48.46
48.37
48.27
48.18
48.09
47.99
47.90
47.80
47.71
47.61
47.52
47.42
47.33
47.23
47.13
47.04
46.94
46.85
46.75
46.65
46.56
46.46
46.37
46.27
46.17
46.08
45.98
45.88
45.79
45.69
45.59
45.50
45.40
45.30
45.20
45.11
45.01
44.91
44.82
44.72
44.62
44.52
44.43
44.33
44.23
44.13
44.03
43.94
43.84
43.74
43.64
43.54
43.45
43.35
43.25
43.15
43.05
42.96
42.86
42.76
42.66
42.56
42.46
42.36
42.27
42.17
42.07
41.97
41.87
41.77
41.67
41.58
41.48
41.38
41.28
41.18
41.08
40.98
40.88
40.78
40.69
40.59
40.49
40.39
40.29
40.19
40.09
39.99
39.89
39.79
39.69
39.59
39.50
39.40
39.30
39.20
39.10
39.00
38.90
38.80
38.70
38.60
38.50
38.40
38.30
38.20
38.10
38.01
37.91
37.81
37.71
37.61
37.51
37.41
37.31
37.21
37.11
37.01
36.91
36.81
36.71
36.61
36.51
36.41
36.31
36.21
36.11
36.01
35.91
35.81
35.71
35.61
35.52
35.42
35.32
35.22
35.12
35.02
34.92
34.82
34.72
34.62
34.52
34.42
34.32
34.22
34.12
34.02
33.92
33.82
33.72
33.62
33.52
33.42
33.32
33.22
33.12
33.02
32.92
32.82
32.72
32.62
32.52
32.42
32.32
32.22
32.12
32.02
31.92
31.82
31.72
31.62
31.52
31.42
31.32
31.22
31.12
31.02
30.92
30.82
30.72
30.62
30.52
30.42
30.32
30.22
30.12
30.02
29.92
29.82
29.72
29.62
29.52
29.42
29.32
29.22
29.12
29.02
28.92
28.82
28.72
28.62
28.52
28.42
28.32
28.22
28.12
28.02
27.92
27.82
27.72
27.62
27.52
27.42
27.32
27.22
27.12
27.02
26.92
26.82
26.72
26.62
26.52
26.42
26.32
26.22
26.12
26.02
25.92
25.82
25.72
25.62
25.52
25.42
25.32
25.22
25.12
25.02
24.92
24.82
24.72
24.62
24.52
24.42
24.32
24.22
24.12
24.02
23.92
23.82
23.72
23.62
23.52
23.42
23.32
23.22
23.12
23.02
22.92
22.82
22.72
22.62
22.52
22.42
22.32
22.22
22.12
22.01
21.91
21.81
21.71
21.61
21.51
21.41
21.31
21.21
21.11
21.01
20.91
20.81
20.71
20.61
20.51
20.41
20.31
20.21
20.11
20.01
19.91
19.81
19.71
19.61
19.50
19.40
19.30
19.20
19.10
19.00
18.90
18.80
18.70
18.60
18.50
18.40
18.30
18.20
18.10
18.00
17.89
17.79
17.69
17.59
17.49
17.39
17.29
17.19
17.09
16.99
16.89
16.79
16.68
16.58
16.48
16.38
16.28
16.18
16.08
15.98
15.88
15.77
15.67
15.57
15.47
15.37
15.27
15.17
15.06
14.96
14.86
14.76
14.66
14.56
14.46
14.35
14.25
14.15
14.05
13.95
13.84
13.74
13.64
13.54
13.44
13.33
13.23
13.13
13.03
12.93
12.82
12.72
12.62
12.52
12.41
12.31
12.21
12.10
12.00
11.90
11.80
11.69
11.59
11.49
11.38
11.28
11.18
11.07
10.97
10.87
10.76
10.66
10.56
10.45
10.35
10.24
10.14
10.03
9.931
9.826
9.722
9.617
9.512
9.407
9.302
9.197
9.092
8.987
8.882
8.776
8.670
8.565
8.459
8.353
8.247
8.141
8.034
7.928
7.821
7.714
7.607
7.500
7.393
7.286
7.178
7.071
6.963
6.855
6.747
6.639
6.530
6.422
6.313
6.204
6.095
5.985
5.876
5.766
5.656
5.546
5.436
5.326
5.215
5.104
4.993
4.882
4.771
4.659
4.547
4.435
4.323
4.210
4.097
3.985
3.871
3.758
3.644
3.530
3.416
3.302
3.187
3.072
2.957
2.842
2.726
2.611
2.494
2.378
2.261
2.145
2.028
1.910
1.792
1.675
1.556
1.438
1.319
1.200
1.081
961.6E-3
841.8E-3
721.8E-3
601.5E-3
481.0E-3
360.2E-3
239.1E-3
117.7E-3
-3.869E-3
-125.7E-3
-247.8E-3
-370.2E-3
-492.9E-3
-615.7E-3
-738.9E-3
-862.3E-3
-985.9E-3
-1.110
-1.234
-1.358
-1.483
-1.608
-1.733
-1.858
-1.983
-2.109
-2.235
-2.361
-2.487
-2.614
-2.741
-2.867
-2.994
-3.122
-3.249
-3.377
-3.504
-3.632
-3.760
-3.888
-4.016
-4.145
-4.273
-4.402
-4.530
-4.659
-4.788
-4.917
-5.046
-5.175
-5.304
-5.433
-5.562
-5.691
-5.820
-5.949
-6.078
-6.207
-6.336
-6.465
-6.594
-6.723
-6.852
-6.981
-7.109
-7.238
-7.367
-7.495
-7.623
-7.751
-7.879
-8.007
-8.135
-8.262
-8.390
-8.517
-8.644
-8.770
-8.897
-9.023
-9.149
-9.275
-9.401
-9.526
-9.651
-9.776
-9.901
-10.03
-10.15
-10.27
-10.40
-10.52
-10.64
-10.76
-10.89
-11.01
-11.13
-11.25
-11.37
-11.49
-11.61
-11.73
-11.85
-11.97
-12.09
-12.21
-12.33
-12.44
-12.56
-12.68
-12.79
-12.91
-13.02
-13.14
-13.25
-13.37
-13.48
-13.59
-13.71
-13.82
-13.93
-14.04
-14.15
-14.27
-14.38
-14.49
-14.59
-14.70
-14.81
-14.92
-15.03
-15.13
-15.24
-15.35
-15.45
-15.56
-15.66
-15.77
-15.87
-15.97
-16.07
-16.18
-16.28
-16.38
-16.48
-16.58
-16.68
-16.78
-16.88
-16.98
-17.07
-17.17
-17.27
-17.36
-17.46
-17.55
-17.65
-17.74
-17.83
-17.93
-18.02
-18.11
-18.20
-18.29
-18.39
-18.47
-18.56
-18.65
-18.74
-18.83
-18.92
-19.00
-19.09
-19.18
-19.26
-19.35
-19.43
-19.51
-19.60
-19.68
-19.76
-19.84
-19.92
-20.01
-20.09
-20.17
-20.24
-20.32
-20.40
-20.48
-20.56
-20.63
-20.71
-20.79
-20.86
-20.94
-21.01
-21.08
-21.16
-21.23
-21.30
-21.38
-21.45
-21.52
-21.59
-21.66
-21.73
-21.80
-21.87
-21.94
-22.01
-22.07
-22.14
-22.21
-22.28
-22.34
-22.41
-22.47
-22.54
-22.60
-22.67
-22.73
-22.80
-22.86
-22.92
-22.98
-23.05
-23.11
-23.17
-23.23
-23.29
-23.35
-23.41
-23.47
-23.53
-23.59
-23.65
-23.70
-23.76
-23.82
-23.87
-23.93
-23.99
-24.04
-24.10
-24.15
-24.21
-24.26
-24.32
-24.37
-24.42
-24.48
-24.53
-24.58
-24.63
-24.68
-24.73
-24.78
-24.83
-24.88
-24.93
-24.98
-25.03
-25.08
-25.13
-25.17
-25.22
-25.27
-25.31
-25.36
-25.41
-25.45
-25.50
-25.54
-25.58
-25.63
-25.67
-25.71
-25.76
-25.80
-25.84
-25.88
-25.92
-25.96
-26.00
-26.04
-26.08
-26.12
-26.16
-26.19
-26.23
-26.27
-26.31
-26.34
-26.38
-26.41
-26.45
-26.48
-26.52
-26.55