%Phase
-154.1E-3
-155.9E-3
-157.7E-3
-159.5E-3
-161.4E-3
-163.2E-3
-165.1E-3
-167.0E-3
-169.0E-3
-170.9E-3
-172.9E-3
-174.9E-3
-176.9E-3
-179.0E-3
-181.0E-3
-183.1E-3
-185.3E-3
-187.4E-3
-189.6E-3
-191.8E-3
-194.0E-3
-196.2E-3
-198.5E-3
-200.8E-3
-203.1E-3
-205.5E-3
-207.9E-3
-210.3E-3
-212.7E-3
-215.2E-3
-217.7E-3
-220.2E-3
-222.7E-3
-225.3E-3
-227.9E-3
-230.6E-3
-233.2E-3
-235.9E-3
-238.7E-3
-241.4E-3
-244.2E-3
-247.0E-3
-249.9E-3
-252.8E-3
-255.7E-3
-258.7E-3
-261.7E-3
-264.7E-3
-267.8E-3
-270.9E-3
-274.0E-3
-277.2E-3
-280.4E-3
-283.6E-3
-286.9E-3
-290.3E-3
-293.6E-3
-297.0E-3
-300.5E-3
-303.9E-3
-307.5E-3
-311.0E-3
-314.6E-3
-318.3E-3
-321.9E-3
-325.7E-3
-329.4E-3
-333.3E-3
-337.1E-3
-341.0E-3
-345.0E-3
-349.0E-3
-353.0E-3
-357.1E-3
-361.2E-3
-365.4E-3
-369.6E-3
-373.9E-3
-378.2E-3
-382.6E-3
-387.1E-3
-391.5E-3
-396.1E-3
-400.7E-3
-405.3E-3
-410.0E-3
-414.7E-3
-419.5E-3
-424.4E-3
-429.3E-3
-434.3E-3
-439.3E-3
-444.4E-3
-449.5E-3
-454.7E-3
-460.0E-3
-465.3E-3
-470.7E-3
-476.2E-3
-481.7E-3
-487.3E-3
-492.9E-3
-498.6E-3
-504.4E-3
-510.2E-3
-516.1E-3
-522.1E-3
-528.2E-3
-534.3E-3
-540.5E-3
-546.7E-3
-553.1E-3
-559.5E-3
-565.9E-3
-572.5E-3
-579.1E-3
-585.8E-3
-592.6E-3
-599.5E-3
-606.4E-3
-613.4E-3
-620.5E-3
-627.7E-3
-635.0E-3
-642.3E-3
-649.8E-3
-657.3E-3
-664.9E-3
-672.6E-3
-680.4E-3
-688.3E-3
-696.2E-3
-704.3E-3
-712.5E-3
-720.7E-3
-729.1E-3
-737.5E-3
-746.0E-3
-754.7E-3
-763.4E-3
-772.2E-3
-781.2E-3
-790.2E-3
-799.4E-3
-808.6E-3
-818.0E-3
-827.5E-3
-837.0E-3
-846.7E-3
-856.5E-3
-866.5E-3
-876.5E-3
-886.6E-3
-896.9E-3
-907.3E-3
-917.8E-3
-928.4E-3
-939.2E-3
-950.0E-3
-961.0E-3
-972.2E-3
-983.4E-3
-994.8E-3
-1.006
-1.018
-1.030
-1.042
-1.054
-1.066
-1.078
-1.091
-1.103
-1.116
-1.129
-1.142
-1.155
-1.169
-1.182
-1.196
-1.210
-1.224
-1.238
-1.252
-1.267
-1.281
-1.296
-1.311
-1.326
-1.342
-1.357
-1.373
-1.389
-1.405
-1.421
-1.438
-1.454
-1.471
-1.488
-1.506
-1.523
-1.541
-1.558
-1.576
-1.595
-1.613
-1.632
-1.651
-1.670
-1.689
-1.709
-1.728
-1.748
-1.769
-1.789
-1.810
-1.831
-1.852
-1.873
-1.895
-1.917
-1.939
-1.962
-1.984
-2.007
-2.030
-2.054
-2.078
-2.102
-2.126
-2.151
-2.176
-2.201
-2.226
-2.252
-2.278
-2.304
-2.331
-2.358
-2.385
-2.413
-2.441
-2.469
-2.498
-2.526
-2.556
-2.585
-2.615
-2.645
-2.676
-2.707
-2.738
-2.770
-2.802
-2.834
-2.867
-2.900
-2.934
-2.968
-3.002
-3.037
-3.072
-3.107
-3.143
-3.179
-3.216
-3.253
-3.291
-3.329
-3.367
-3.406
-3.446
-3.485
-3.526
-3.566
-3.608
-3.649
-3.691
-3.734
-3.777
-3.821
-3.865
-3.909
-3.955
-4.000
-4.046
-4.093
-4.140
-4.188
-4.236
-4.285
-4.335
-4.385
-4.435
-4.486
-4.538
-4.590
-4.643
-4.697
-4.751
-4.806
-4.861
-4.917
-4.974
-5.031
-5.089
-5.148
-5.207
-5.267
-5.328
-5.389
-5.451
-5.514
-5.577
-5.641
-5.706
-5.772
-5.838
-5.905
-5.973
-6.042
-6.111
-6.182
-6.253
-6.324
-6.397
-6.470
-6.545
-6.620
-6.696
-6.773
-6.850
-6.929
-7.008
-7.089
-7.170
-7.252
-7.335
-7.419
-7.504
-7.590
-7.677
-7.765
-7.853
-7.943
-8.034
-8.126
-8.219
-8.312
-8.407
-8.503
-8.600
-8.698
-8.797
-8.898
-8.999
-9.102
-9.205
-9.310
-9.416
-9.523
-9.631
-9.740
-9.851
-9.963
-10.08
-10.19
-10.31
-10.42
-10.54
-10.66
-10.78
-10.90
-11.03
-11.15
-11.28
-11.40
-11.53
-11.66
-11.79
-11.92
-12.06
-12.19
-12.33
-12.47
-12.61
-12.75
-12.89
-13.04
-13.18
-13.33
-13.48
-13.63
-13.78
-13.94
-14.09
-14.25
-14.40
-14.56
-14.73
-14.89
-15.05
-15.22
-15.39
-15.56
-15.73
-15.90
-16.08
-16.25
-16.43
-16.61
-16.79
-16.98
-17.16
-17.35
-17.54
-17.73
-17.92
-18.11
-18.31
-18.51
-18.71
-18.91
-19.11
-19.32
-19.52
-19.73
-19.94
-20.15
-20.37
-20.58
-20.80
-21.02
-21.24
-21.47
-21.69
-21.92
-22.15
-22.38
-22.62
-22.85
-23.09
-23.33
-23.57
-23.81
-24.06
-24.30
-24.55
-24.80
-25.05
-25.31
-25.56
-25.82
-26.08
-26.34
-26.61
-26.87
-27.14
-27.41
-27.68
-27.95
-28.22
-28.50
-28.78
-29.06
-29.34
-29.62
-29.90
-30.19
-30.48
-30.77
-31.06
-31.35
-31.64
-31.94
-32.24
-32.53
-32.83
-33.14
-33.44
-33.74
-34.05
-34.36
-34.66
-34.97
-35.28
-35.60
-35.91
-36.22
-36.54
-36.85
-37.17
-37.49
-37.81
-38.13
-38.45
-38.77
-39.09
-39.42
-39.74
-40.07
-40.39
-40.72
-41.05
-41.37
-41.70
-42.03
-42.36
-42.69
-43.02
-43.35
-43.68
-44.01
-44.34
-44.67
-45.00
-45.33
-45.66
-45.99
-46.32
-46.65
-46.98
-47.31
-47.63
-47.96
-48.29
-48.62
-48.95
-49.27
-49.60
-49.93
-50.25
-50.58
-50.90
-51.22
-51.55
-51.87
-52.19
-52.51
-52.83
-53.14
-53.46
-53.78
-54.09
-54.40
-54.72
-55.03
-55.34
-55.65
-55.95
-56.26
-56.57
-56.87
-57.17
-57.47
-57.77
-58.07
-58.36
-58.66
-58.95
-59.24
-59.53
-59.82
-60.11
-60.40
-60.68
-60.96
-61.24
-61.52
-61.80
-62.07
-62.34
-62.62
-62.89
-63.15
-63.42
-63.68
-63.95
-64.21
-64.47
-64.72
-64.98
-65.23
-65.48
-65.73
-65.98
-66.23
-66.47
-66.71
-66.95
-67.19
-67.43
-67.66
-67.90
-68.13
-68.36
-68.58
-68.81
-69.03
-69.25
-69.47
-69.69
-69.91
-70.12
-70.33
-70.54
-70.75
-70.96
-71.16
-71.36
-71.57
-71.76
-71.96
-72.16
-72.35
-72.54
-72.73
-72.92
-73.11
-73.29
-73.48
-73.66
-73.84
-74.02
-74.19
-74.37
-74.54
-74.71
-74.88
-75.05
-75.22
-75.38
-75.55
-75.71
-75.87
-76.03
-76.18
-76.34
-76.49
-76.64
-76.79
-76.94
-77.09
-77.24
-77.38
-77.53
-77.67
-77.81
-77.95
-78.09
-78.22
-78.36
-78.49
-78.62
-78.75
-78.88
-79.01
-79.14
-79.26
-79.39
-79.51
-79.63
-79.75
-79.87
-79.99
-80.11
-80.22
-80.34
-80.45
-80.56
-80.67
-80.78
-80.89
-81.00
-81.11
-81.21
-81.32
-81.42
-81.52
-81.62
-81.72
-81.82
-81.92
-82.02
-82.11
-82.21
-82.30
-82.39
-82.49
-82.58
-82.67
-82.76
-82.84
-82.93
-83.02
-83.10
-83.19
-83.27
-83.36
-83.44
-83.52
-83.60
-83.68
-83.76
-83.84
-83.91
-83.99
-84.07
-84.14
-84.22
-84.29
-84.36
-84.43
-84.50
-84.58
-84.65
-84.71
-84.78
-84.85
-84.92
-84.98
-85.05
-85.12
-85.18
-85.24
-85.31
-85.37
-85.43
-85.49
-85.56
-85.62
-85.68
-85.74
-85.79
-85.85
-85.91
-85.97
-86.02
-86.08
-86.14
-86.19
-86.25
-86.30
-86.35
-86.41
-86.46
-86.51
-86.56
-86.61
-86.67
-86.72
-86.77
-86.82
-86.86
-86.91
-86.96
-87.01
-87.06
-87.10
-87.15
-87.20
-87.24
-87.29
-87.33
-87.38
-87.42
-87.47
-87.51
-87.56
-87.60
-87.64
-87.69
-87.73
-87.77
-87.81
-87.85
-87.89
-87.94
-87.98
-88.02
-88.06
-88.10
-88.14
-88.18
-88.21
-88.25
-88.29
-88.33
-88.37
-88.41
-88.44
-88.48
-88.52
-88.56
-88.59
-88.63
-88.67
-88.70
-88.74
-88.78
-88.81
-88.85
-88.88
-88.92
-88.96
-88.99
-89.03
-89.06
-89.10
-89.13
-89.17
-89.20
-89.23
-89.27
-89.30
-89.34
-89.37
-89.41
-89.44
-89.47
-89.51
-89.54
-89.57
-89.61
-89.64
-89.67
-89.71
-89.74
-89.77
-89.81
-89.84
-89.87
-89.91
-89.94
-89.97
-90.01
-90.04
-90.07
-90.11
-90.14
-90.17
-90.21
-90.24
-90.27
-90.31
-90.34
-90.37
-90.41
-90.44
-90.48
-90.51
-90.54
-90.58
-90.61
-90.64
-90.68
-90.71
-90.75
-90.78
-90.82
-90.85
-90.89
-90.92
-90.96
-90.99
-91.03
-91.06
-91.10
-91.13
-91.17
-91.20
-91.24
-91.28
-91.31
-91.35
-91.39
-91.42
-91.46
-91.50
-91.53
-91.57
-91.61
-91.65
-91.69
-91.73
-91.76
-91.80
-91.84
-91.88
-91.92
-91.96
-92.00
-92.04
-92.08
-92.12
-92.17
-92.21
-92.25
-92.29
-92.33
-92.38
-92.42
-92.46
-92.51
-92.55
-92.60
-92.64
-92.69
-92.73
-92.78
-92.82
-92.87
-92.92
-92.96
-93.01
-93.06
-93.11
-93.16
-93.21
-93.26
-93.31
-93.36
-93.41
-93.46
-93.51
-93.56
-93.62
-93.67
-93.72
-93.78
-93.83
-93.89
-93.94
-94.00
-94.06
-94.11
-94.17
-94.23
-94.29
-94.35
-94.41
-94.47
-94.53
-94.59
-94.65
-94.72
-94.78
-94.84
-94.91
-94.97
-95.04
-95.11
-95.17
-95.24
-95.31
-95.38
-95.45
-95.52
-95.59
-95.66
-95.74
-95.81
-95.89
-95.96
-96.04
-96.11
-96.19
-96.27
-96.35
-96.43
-96.51
-96.59
-96.67
-96.75
-96.84
-96.92
-97.01
-97.09
-97.18
-97.27
-97.36
-97.45
-97.54
-97.63
-97.72
-97.82
-97.91
-98.01
-98.10
-98.20
-98.30
-98.40
-98.50
-98.60
-98.70
-98.81
-98.91
-99.02
-99.13
-99.23
-99.34
-99.45
-99.57
-99.68
-99.79
-99.91
-100.0
-100.1
-100.3
-100.4
-100.5
-100.6
-100.7
-100.9
-101.0
-101.1
-101.2
-101.4
-101.5
-101.6
-101.8
-101.9
-102.0
-102.2
-102.3
-102.5
-102.6
-102.7
-102.9
-103.0
-103.2
-103.3
-103.5
-103.6
-103.8
-103.9
-104.1
-104.2
-104.4
-104.6
-104.7
-104.9
-105.1
-105.2
-105.4
-105.6
-105.7
-105.9
-106.1
-106.2
-106.4
-106.6
-106.8
-107.0
-107.1
-107.3
-107.5
-107.7
-107.9
-108.1
-108.3
-108.5
-108.7
-108.9
-109.0
-109.2
-109.4
-109.7
-109.9
-110.1
-110.3
-110.5
-110.7
-110.9
-111.1
-111.3
-111.5
-111.8
-112.0
-112.2
-112.4
-112.6
-112.9
-113.1
-113.3
-113.6
-113.8
-114.0
-114.3
-114.5
-114.7
-115.0
-115.2
-115.4
-115.7
-115.9
-116.2
-116.4
-116.7
-116.9
-117.2
-117.4
-117.7
-117.9
-118.2
-118.4
-118.7
-118.9
-119.2
-119.5
-119.7
-120.0
-120.2
-120.5
-120.8
-121.0
-121.3
-121.6
-121.8
-122.1
-122.4
-122.6
-122.9
-123.2
-123.5
-123.7
-124.0
-124.3
-124.6
-124.8
-125.1
-125.4
-125.7
-125.9
-126.2
-126.5
-126.8
-127.1
-127.3
-127.6
-127.9
-128.2
-128.5
-128.7
-129.0
-129.3
-129.6
-129.9
-130.2
-130.5
-130.7
-131.0
-131.3
-131.6
-131.9
-132.2
-132.5
-132.8
-133.1
-133.3
-133.6
-133.9
-134.2
-134.5
-134.8
-135.1
-135.4
-135.7
-136.0
-136.3
-136.6
-136.9
-137.2
-137.5
-137.8
-138.1
-138.4
-138.8
-139.1
-139.4
-139.7
-140.0
-140.3
-140.6
-141.0
-141.3
-141.6
-141.9
-142.3
-142.6
-142.9
-143.3
-143.6
-143.9
-144.3
-144.6
-145.0
-145.3
-145.7
-146.0
-146.4
-146.7
-147.1
-147.4
-147.8
-148.2
-148.5
-148.9
-149.3
-149.7
-150.1
-150.5
-150.8
-151.2
-151.6
-152.0
-152.4
-152.9
-153.3
-153.7
-154.1
-154.5
-155.0
-155.4
-155.8
-156.3
-156.7
-157.2
-157.6
-158.1
-158.5
-159.0
-159.4
-159.9
-160.4
-160.9
-161.4
-161.9
-162.3
-162.8
-163.3
-163.9
-164.4
-164.9
-165.4
-165.9
-166.5
-167.0
-167.5
-168.1
-168.6
-169.2
-169.7
-170.3
-170.9
-171.4
-172.0
-172.6
-173.2
-173.8
-174.4
-175.0
-175.6
-176.2
-176.8
-177.4
-178.0
-178.7
-179.3
-179.9
-180.6
-181.2
-181.9
-182.5
-183.2
-183.8
-184.5
-185.2
-185.8
-186.5
-187.2
-187.9
-188.6
-189.3
-190.0
-190.7
-191.4
-192.1
-192.8
-193.6
-194.3
-195.0
-195.7
-196.5
-197.2
-198.0
-198.7
-199.4
-200.2
-201.0
-201.7
-202.5
-203.2
-204.0
-204.8
-205.6
-206.3
-207.1
-207.9
-208.7
-209.5
-210.3
-211.1
-211.9
-212.7
-213.5
-214.3
-215.1
-215.9
-216.7
-217.5
-218.3
-219.1
-219.9
-220.8
-221.6
-222.4
-223.2
-224.0
-224.9
-225.7
-226.5
-227.3
-228.2
-229.0
-229.8
-230.7
-231.5
-232.3
-233.2
-234.0
-234.8
-235.7
-236.5
-237.3
-238.2
-239.0
-239.8
-240.7
-241.5
-242.3
-243.2
-244.0
-244.8
-245.6
-246.5
-247.3
-248.1
-248.9
-249.8
-250.6
-251.4
-252.2
-253.0
-253.9
-254.7
-255.5
-256.3
-257.1
-257.9
-258.7
-259.5
-260.3
-261.1
-261.9
-262.7
-263.5
-264.3
-265.1
-265.9
-266.6
-267.4
-268.2
-269.0
-269.7
-270.5
-271.3
-272.0
-272.8
-273.5
-274.3
-275.0
-275.8
-276.5
-277.3
-278.0
-278.7
-279.5
-280.2
-280.9
-281.6
-282.3