%Gain
61.34
61.34
61.34
61.34
61.34
61.34
61.34
61.34
61.34
61.34
61.34
61.34
61.34
61.34
61.34
61.34
61.34
61.34
61.34
61.34
61.34
61.34
61.34
61.34
61.34
61.34
61.34
61.34
61.34
61.34
61.34
61.34
61.34
61.34
61.34
61.34
61.34
61.34
61.34
61.34
61.34
61.34
61.34
61.34
61.34
61.34
61.34
61.34
61.34
61.34
61.34
61.34
61.34
61.34
61.34
61.34
61.34
61.34
61.34
61.34
61.34
61.34
61.34
61.34
61.34
61.34
61.34
61.34
61.34
61.34
61.34
61.34
61.34
61.34
61.34
61.34
61.34
61.34
61.34
61.34
61.34
61.34
61.34
61.34
61.34
61.34
61.34
61.34
61.34
61.34
61.34
61.34
61.34
61.34
61.34
61.34
61.34
61.34
61.34
61.34
61.34
61.34
61.34
61.34
61.34
61.34
61.34
61.34
61.34
61.34
61.34
61.34
61.34
61.34
61.34
61.34
61.34
61.34
61.34
61.34
61.34
61.34
61.34
61.34
61.34
61.34
61.34
61.34
61.34
61.34
61.34
61.34
61.34
61.34
61.34
61.34
61.34
61.34
61.34
61.34
61.34
61.34
61.34
61.34
61.34
61.34
61.34
61.34
61.34
61.34
61.34
61.34
61.34
61.34
61.34
61.34
61.34
61.34
61.34
61.34
61.34
61.34
61.34
61.34
61.34
61.34
61.34
61.34
61.34
61.34
61.34
61.34
61.34
61.34
61.34
61.34
61.34
61.34
61.34
61.34
61.34
61.34
61.34
61.34
61.34
61.34
61.34
61.34
61.34
61.34
61.34
61.34
61.34
61.34
61.33
61.33
61.33
61.33
61.33
61.33
61.33
61.33
61.33
61.33
61.33
61.33
61.33
61.33
61.33
61.33
61.33
61.33
61.33
61.33
61.33
61.33
61.33
61.33
61.33
61.33
61.33
61.33
61.33
61.33
61.33
61.33
61.33
61.33
61.33
61.33
61.33
61.33
61.33
61.33
61.33
61.33
61.33
61.32
61.32
61.32
61.32
61.32
61.32
61.32
61.32
61.32
61.32
61.32
61.32
61.32
61.32
61.32
61.32
61.32
61.32
61.32
61.32
61.32
61.31
61.31
61.31
61.31
61.31
61.31
61.31
61.31
61.31
61.31
61.31
61.31
61.31
61.31
61.30
61.30
61.30
61.30
61.30
61.30
61.30
61.30
61.30
61.30
61.29
61.29
61.29
61.29
61.29
61.29
61.29
61.29
61.29
61.28
61.28
61.28
61.28
61.28
61.28
61.28
61.27
61.27
61.27
61.27
61.27
61.27
61.26
61.26
61.26
61.26
61.26
61.26
61.25
61.25
61.25
61.25
61.25
61.24
61.24
61.24
61.24
61.23
61.23
61.23
61.23
61.22
61.22
61.22
61.22
61.21
61.21
61.21
61.20
61.20
61.20
61.19
61.19
61.19
61.18
61.18
61.18
61.17
61.17
61.16
61.16
61.16
61.15
61.15
61.14
61.14
61.13
61.13
61.12
61.12
61.11
61.11
61.10
61.10
61.09
61.09
61.08
61.08
61.07
61.06
61.06
61.05
61.04
61.04
61.03
61.02
61.02
61.01
61.00
60.99
60.99
60.98
60.97
60.96
60.95
60.95
60.94
60.93
60.92
60.91
60.90
60.89
60.88
60.87
60.86
60.85
60.84
60.83
60.82
60.80
60.79
60.78
60.77
60.76
60.74
60.73
60.72
60.70
60.69
60.68
60.66
60.65
60.63
60.62
60.60
60.58
60.57
60.55
60.54
60.52
60.50
60.48
60.47
60.45
60.43
60.41
60.39
60.37
60.35
60.33
60.31
60.29
60.26
60.24
60.22
60.20
60.17
60.15
60.13
60.10
60.08
60.05
60.02
60.00
59.97
59.94
59.92
59.89
59.86
59.83
59.80
59.77
59.74
59.71
59.68
59.64
59.61
59.58
59.55
59.51
59.48
59.44
59.41
59.37
59.33
59.30
59.26
59.22
59.18
59.14
59.10
59.06
59.02
58.98
58.94
58.89
58.85
58.81
58.76
58.72
58.67
58.62
58.58
58.53
58.48
58.43
58.38
58.33
58.28
58.23
58.18
58.13
58.08
58.02
57.97
57.92
57.86
57.81
57.75
57.69
57.64
57.58
57.52
57.46
57.40
57.34
57.28
57.22
57.16
57.10
57.03
56.97
56.91
56.84
56.78
56.71
56.65
56.58
56.51
56.45
56.38
56.31
56.24
56.17
56.10
56.03
55.96
55.89
55.82
55.75
55.67
55.60
55.53
55.45
55.38
55.30
55.23
55.15
55.08
55.00
54.92
54.85
54.77
54.69
54.61
54.53
54.45
54.37
54.29
54.21
54.13
54.05
53.97
53.89
53.81
53.72
53.64
53.56
53.47
53.39
53.31
53.22
53.14
53.05
52.97
52.88
52.79
52.71
52.62
52.53
52.45
52.36
52.27
52.19
52.10
52.01
51.92
51.83
51.74
51.65
51.56
51.48
51.39
51.30
51.21
51.11
51.02
50.93
50.84
50.75
50.66
50.57
50.48
50.38
50.29
50.20
50.11
50.02
49.92
49.83
49.74
49.64
49.55
49.46
49.36
49.27
49.18
49.08
48.99
48.89
48.80
48.70
48.61
48.52
48.42
48.33
48.23
48.14
48.04
47.94
47.85
47.75
47.66
47.56
47.47
47.37
47.27
47.18
47.08
46.99
46.89
46.79
46.70
46.60
46.50
46.41
46.31
46.21
46.12
46.02
45.92
45.82
45.73
45.63
45.53
45.44
45.34
45.24
45.14
45.04
44.95
44.85
44.75
44.65
44.56
44.46
44.36
44.26
44.16
44.07
43.97
43.87
43.77
43.67
43.57
43.48
43.38
43.28
43.18
43.08
42.98
42.89
42.79
42.69
42.59
42.49
42.39
42.29
42.19
42.10
42.00
41.90
41.80
41.70
41.60
41.50
41.40
41.30
41.21
41.11
41.01
40.91
40.81
40.71
40.61
40.51
40.41
40.31
40.21
40.11
40.02
39.92
39.82
39.72
39.62
39.52
39.42
39.32
39.22
39.12
39.02
38.92
38.82
38.72
38.62
38.53
38.43
38.33
38.23
38.13
38.03
37.93
37.83
37.73
37.63
37.53
37.43
37.33
37.23
37.13
37.03
36.93
36.83
36.73
36.63
36.53
36.43
36.33
36.23
36.13
36.03
35.94
35.84
35.74
35.64
35.54
35.44
35.34
35.24
35.14
35.04
34.94
34.84
34.74
34.64
34.54
34.44
34.34
34.24
34.14
34.04
33.94
33.84
33.74
33.64
33.54
33.44
33.34
33.24
33.14
33.04
32.94
32.84
32.74
32.64
32.54
32.44
32.34
32.24
32.14
32.04
31.94
31.84
31.74
31.64
31.54
31.44
31.34
31.24
31.14
31.04
30.94
30.84
30.74
30.64
30.54
30.44
30.34
30.24
30.14
30.04
29.94
29.84
29.74
29.64
29.54
29.44
29.34
29.24
29.14
29.04
28.94
28.84
28.74
28.64
28.54
28.44
28.34
28.24
28.14
28.04
27.94
27.84
27.74
27.64
27.54
27.44
27.34
27.24
27.14
27.04
26.94
26.84
26.74
26.64
26.54
26.44
26.34
26.24
26.14
26.04
25.94
25.84
25.74
25.64
25.54
25.44
25.34
25.24
25.14
25.04
24.94
24.84
24.74
24.64
24.54
24.44
24.34
24.24
24.14
24.04
23.94
23.84
23.74
23.64
23.54
23.44
23.34
23.24
23.14
23.04
22.94
22.84
22.74
22.64
22.54
22.44
22.34
22.24
22.14
22.04
21.94
21.84
21.74
21.64
21.54
21.44
21.34
21.24
21.14
21.04
20.94
20.84
20.74
20.64
20.54
20.44
20.34
20.24
20.14
20.04
19.94
19.84
19.74
19.64
19.54
19.43
19.33
19.23
19.13
19.03
18.93
18.83
18.73
18.63
18.53
18.43
18.33
18.23
18.13
18.03
17.93
17.83
17.73
17.63
17.53
17.43
17.33
17.23
17.13
17.03
16.93
16.82
16.72
16.62
16.52
16.42
16.32
16.22
16.12
16.02
15.92
15.82
15.72
15.62
15.52
15.42
15.32
15.21
15.11
15.01
14.91
14.81
14.71
14.61
14.51
14.41
14.31
14.21
14.10
14.00
13.90
13.80
13.70
13.60
13.50
13.40
13.30
13.20
13.09
12.99
12.89
12.79
12.69
12.59
12.49
12.38
12.28
12.18
12.08
11.98
11.88
11.78
11.67
11.57
11.47
11.37
11.27
11.16
11.06
10.96
10.86
10.76
10.65
10.55
10.45
10.35
10.25
10.14
10.04
9.939
9.836
9.734
9.631
9.529
9.426
9.323
9.220
9.118
9.015
8.912
8.809
8.705
8.602
8.499
8.396
8.292
8.189
8.085
7.981
7.878
7.774
7.670
7.566
7.462
7.358
7.254
7.149
7.045
6.940
6.836
6.731
6.626
6.521
6.416
6.311
6.206
6.101
5.995
5.890
5.784
5.679
5.573
5.467
5.361
5.254
5.148
5.042
4.935
4.828
4.721
4.614
4.507
4.400
4.292
4.185
4.077
3.969
3.861
3.753
3.645
3.536
3.428
3.319
3.210
3.101
2.991
2.882
2.772
2.663
2.553
2.442
2.332
2.222
2.111
2.000
1.889
1.778
1.666
1.555
1.443
1.331
1.219
1.106
993.6E-3
880.8E-3
767.8E-3
654.6E-3
541.2E-3
427.6E-3
313.7E-3
199.7E-3
85.46E-3
-28.99E-3
-143.6E-3
-258.5E-3
-373.6E-3
-488.9E-3
-604.4E-3
-720.1E-3
-836.0E-3
-952.1E-3
-1.068
-1.185
-1.302
-1.419
-1.536
-1.653
-1.771
-1.889
-2.007
-2.125
-2.243
-2.362
-2.480
-2.599
-2.719
-2.838
-2.957
-3.077
-3.197
-3.317
-3.437
-3.558
-3.678
-3.799
-3.920
-4.041
-4.162
-4.284
-4.405
-4.527
-4.649
-4.771
-4.893
-5.015
-5.137
-5.259
-5.382
-5.504
-5.627
-5.750
-5.872
-5.995
-6.118
-6.241
-6.364
-6.487
-6.610
-6.733
-6.856
-6.980
-7.103
-7.226
-7.349
-7.472
-7.595
-7.718
-7.841
-7.964
-8.087
-8.210
-8.333
-8.456
-8.578
-8.701
-8.823
-8.945
-9.068
-9.190
-9.312
-9.433
-9.555
-9.676
-9.798
-9.919
-10.04
-10.16
-10.28
-10.40
-10.52
-10.64
-10.76
-10.88
-11.00
-11.12
-11.24
-11.36
-11.47
-11.59
-11.71
-11.83
-11.94
-12.06
-12.18
-12.29
-12.41
-12.53
-12.64
-12.76
-12.87
-12.98
-13.10
-13.21
-13.33
-13.44
-13.55
-13.66
-13.77
-13.89
-14.00
-14.11
-14.22
-14.33
-14.44
-14.54
-14.65
-14.76
-14.87
-14.98
-15.08
-15.19
-15.30
-15.40
-15.51
-15.61
-15.71
-15.82
-15.92
-16.02
-16.13
-16.23
-16.33
-16.43
-16.53
-16.63
-16.73
-16.83
-16.93
-17.02
-17.12
-17.22
-17.31
-17.41
-17.50
-17.60
-17.69
-17.79
-17.88
-17.97
-18.06
-18.15
-18.24
-18.33
-18.42
-18.51
-18.60
-18.69
-18.78
-18.86
-18.95
-19.04
-19.12
-19.21
-19.29
-19.37
-19.46
-19.54
-19.62
-19.70
-19.78
-19.86
-19.94
-20.02
-20.10
-20.18
-20.25
-20.33
-20.41
-20.48
-20.56
-20.63
-20.71
-20.78
-20.85
-20.93
-21.00
-21.07
-21.14
-21.21
-21.28
-21.35
-21.42
-21.48
-21.55
-21.62
-21.69
-21.75
-21.82
-21.88
-21.95
-22.01
-22.07
-22.14
-22.20
-22.26
-22.32
-22.39
-22.45
-22.51
-22.57
-22.63
-22.69
-22.74
-22.80
-22.86
-22.92
-22.97
-23.03
-23.09
-23.14
-23.20
-23.25
-23.31
-23.36
-23.41
-23.47
-23.52
-23.57
-23.63
-23.68
-23.73
-23.78
-23.83
-23.88
-23.93
-23.98
-24.03
-24.08
-24.13
-24.18
-24.22
-24.27
-24.32
-24.37
-24.41
-24.46
-24.50
-24.55
-24.59
-24.64
-24.68
-24.73
-24.77
-24.82
-24.86
-24.90
-24.94
-24.99
-25.03
-25.07
-25.11
-25.15
-25.19
-25.23
-25.27
-25.31
-25.35
-25.39
-25.43
-25.47
-25.50
-25.54
-25.58
-25.61
-25.65
-25.69
-25.72
-25.76
-25.79
-25.83
-25.86
-25.90
-25.93
-25.96
-26.00
-26.03
-26.06
-26.09
-26.12
-26.15
-26.19
-26.22
-26.25
-26.28
-26.30
-26.33
-26.36
-26.39
-26.42
-26.45
-26.47
-26.50
-26.53
-26.55
-26.58
-26.60
-26.63
-26.66