%Phase
-230.7E-3
-233.3E-3
-236.0E-3
-238.8E-3
-241.5E-3
-244.3E-3
-247.2E-3
-250.0E-3
-252.9E-3
-255.8E-3
-258.8E-3
-261.8E-3
-264.8E-3
-267.9E-3
-271.0E-3
-274.1E-3
-277.3E-3
-280.5E-3
-283.8E-3
-287.1E-3
-290.4E-3
-293.7E-3
-297.1E-3
-300.6E-3
-304.1E-3
-307.6E-3
-311.1E-3
-314.7E-3
-318.4E-3
-322.1E-3
-325.8E-3
-329.6E-3
-333.4E-3
-337.3E-3
-341.2E-3
-345.1E-3
-349.1E-3
-353.2E-3
-357.2E-3
-361.4E-3
-365.6E-3
-369.8E-3
-374.1E-3
-378.4E-3
-382.8E-3
-387.2E-3
-391.7E-3
-396.2E-3
-400.8E-3
-405.5E-3
-410.2E-3
-414.9E-3
-419.7E-3
-424.6E-3
-429.5E-3
-434.5E-3
-439.5E-3
-444.6E-3
-449.7E-3
-454.9E-3
-460.2E-3
-465.5E-3
-470.9E-3
-476.4E-3
-481.9E-3
-487.5E-3
-493.1E-3
-498.8E-3
-504.6E-3
-510.5E-3
-516.4E-3
-522.3E-3
-528.4E-3
-534.5E-3
-540.7E-3
-547.0E-3
-553.3E-3
-559.7E-3
-566.2E-3
-572.7E-3
-579.4E-3
-586.1E-3
-592.9E-3
-599.7E-3
-606.7E-3
-613.7E-3
-620.8E-3
-628.0E-3
-635.3E-3
-642.6E-3
-650.1E-3
-657.6E-3
-665.2E-3
-672.9E-3
-680.7E-3
-688.6E-3
-696.5E-3
-704.6E-3
-712.8E-3
-721.0E-3
-729.4E-3
-737.8E-3
-746.4E-3
-755.0E-3
-763.7E-3
-772.6E-3
-781.5E-3
-790.6E-3
-799.7E-3
-809.0E-3
-818.4E-3
-827.8E-3
-837.4E-3
-847.1E-3
-856.9E-3
-866.8E-3
-876.9E-3
-887.0E-3
-897.3E-3
-907.7E-3
-918.2E-3
-928.8E-3
-939.6E-3
-950.5E-3
-961.5E-3
-972.6E-3
-983.8E-3
-995.2E-3
-1.007
-1.018
-1.030
-1.042
-1.054
-1.066
-1.079
-1.091
-1.104
-1.117
-1.130
-1.143
-1.156
-1.169
-1.183
-1.196
-1.210
-1.224
-1.239
-1.253
-1.267
-1.282
-1.297
-1.312
-1.327
-1.342
-1.358
-1.374
-1.390
-1.406
-1.422
-1.438
-1.455
-1.472
-1.489
-1.506
-1.524
-1.541
-1.559
-1.577
-1.595
-1.614
-1.633
-1.651
-1.671
-1.690
-1.709
-1.729
-1.749
-1.769
-1.790
-1.811
-1.832
-1.853
-1.874
-1.896
-1.918
-1.940
-1.962
-1.985
-2.008
-2.031
-2.055
-2.079
-2.103
-2.127
-2.152
-2.177
-2.202
-2.227
-2.253
-2.279
-2.305
-2.332
-2.359
-2.386
-2.414
-2.442
-2.470
-2.499
-2.527
-2.557
-2.586
-2.616
-2.646
-2.677
-2.708
-2.739
-2.771
-2.803
-2.835
-2.868
-2.901
-2.935
-2.969
-3.003
-3.038
-3.073
-3.108
-3.144
-3.181
-3.217
-3.255
-3.292
-3.330
-3.369
-3.408
-3.447
-3.487
-3.527
-3.568
-3.609
-3.651
-3.693
-3.736
-3.779
-3.822
-3.866
-3.911
-3.956
-4.002
-4.048
-4.095
-4.142
-4.190
-4.238
-4.287
-4.337
-4.387
-4.437
-4.488
-4.540
-4.592
-4.645
-4.699
-4.753
-4.808
-4.863
-4.919
-4.976
-5.033
-5.091
-5.150
-5.209
-5.269
-5.330
-5.391
-5.453
-5.516
-5.580
-5.644
-5.709
-5.774
-5.841
-5.908
-5.976
-6.044
-6.114
-6.184
-6.255
-6.327
-6.400
-6.473
-6.548
-6.623
-6.699
-6.776
-6.853
-6.932
-7.011
-7.092
-7.173
-7.255
-7.338
-7.422
-7.507
-7.593
-7.680
-7.768
-7.857
-7.947
-8.037
-8.129
-8.222
-8.316
-8.411
-8.507
-8.604
-8.702
-8.801
-8.901
-9.003
-9.105
-9.209
-9.314
-9.420
-9.527
-9.635
-9.745
-9.855
-9.967
-10.08
-10.19
-10.31
-10.43
-10.54
-10.66
-10.78
-10.91
-11.03
-11.15
-11.28
-11.41
-11.54
-11.67
-11.80
-11.93
-12.06
-12.20
-12.34
-12.48
-12.61
-12.76
-12.90
-13.04
-13.19
-13.34
-13.49
-13.64
-13.79
-13.94
-14.10
-14.25
-14.41
-14.57
-14.73
-14.90
-15.06
-15.23
-15.39
-15.56
-15.74
-15.91
-16.08
-16.26
-16.44
-16.62
-16.80
-16.98
-17.17
-17.35
-17.54
-17.73
-17.93
-18.12
-18.32
-18.51
-18.71
-18.91
-19.12
-19.32
-19.53
-19.74
-19.95
-20.16
-20.38
-20.59
-20.81
-21.03
-21.25
-21.48
-21.70
-21.93
-22.16
-22.39
-22.62
-22.86
-23.10
-23.34
-23.58
-23.82
-24.06
-24.31
-24.56
-24.81
-25.06
-25.32
-25.57
-25.83
-26.09
-26.35
-26.61
-26.88
-27.15
-27.41
-27.69
-27.96
-28.23
-28.51
-28.79
-29.06
-29.35
-29.63
-29.91
-30.20
-30.49
-30.78
-31.07
-31.36
-31.65
-31.95
-32.25
-32.54
-32.84
-33.15
-33.45
-33.75
-34.06
-34.36
-34.67
-34.98
-35.29
-35.60
-35.92
-36.23
-36.55
-36.86
-37.18
-37.50
-37.82
-38.14
-38.46
-38.78
-39.10
-39.43
-39.75
-40.08
-40.40
-40.73
-41.05
-41.38
-41.71
-42.04
-42.37
-42.69
-43.02
-43.35
-43.68
-44.01
-44.34
-44.67
-45.00
-45.33
-45.66
-45.99
-46.32
-46.65
-46.98
-47.31
-47.64
-47.97
-48.30
-48.62
-48.95
-49.28
-49.61
-49.93
-50.26
-50.58
-50.90
-51.23
-51.55
-51.87
-52.19
-52.51
-52.83
-53.15
-53.46
-53.78
-54.09
-54.41
-54.72
-55.03
-55.34
-55.65
-55.95
-56.26
-56.57
-56.87
-57.17
-57.47
-57.77
-58.07
-58.36
-58.66
-58.95
-59.24
-59.53
-59.82
-60.11
-60.39
-60.67
-60.96
-61.24
-61.51
-61.79
-62.07
-62.34
-62.61
-62.88
-63.15
-63.41
-63.68
-63.94
-64.20
-64.46
-64.71
-64.97
-65.22
-65.47
-65.72
-65.97
-66.22
-66.46
-66.70
-66.94
-67.18
-67.41
-67.65
-67.88
-68.11
-68.34
-68.57
-68.79
-69.01
-69.24
-69.45
-69.67
-69.89
-70.10
-70.31
-70.52
-70.73
-70.94
-71.14
-71.34
-71.54
-71.74
-71.94
-72.13
-72.33
-72.52
-72.71
-72.90
-73.08
-73.27
-73.45
-73.63
-73.81
-73.99
-74.16
-74.34
-74.51
-74.68
-74.85
-75.02
-75.18
-75.35
-75.51
-75.67
-75.83
-75.99
-76.15
-76.30
-76.45
-76.61
-76.76
-76.90
-77.05
-77.20
-77.34
-77.48
-77.63
-77.77
-77.90
-78.04
-78.18
-78.31
-78.44
-78.58
-78.71
-78.83
-78.96
-79.09
-79.21
-79.34
-79.46
-79.58
-79.70
-79.82
-79.94
-80.05
-80.17
-80.28
-80.39
-80.50
-80.61
-80.72
-80.83
-80.94
-81.04
-81.15
-81.25
-81.35
-81.45
-81.55
-81.65
-81.75
-81.85
-81.94
-82.04
-82.13
-82.23
-82.32
-82.41
-82.50
-82.59
-82.68
-82.76
-82.85
-82.94
-83.02
-83.10
-83.19
-83.27
-83.35
-83.43
-83.51
-83.59
-83.67
-83.74
-83.82
-83.89
-83.97
-84.04
-84.12
-84.19
-84.26
-84.33
-84.40
-84.47
-84.54
-84.61
-84.67
-84.74
-84.81
-84.87
-84.94
-85.00
-85.06
-85.12
-85.19
-85.25
-85.31
-85.37
-85.43
-85.49
-85.55
-85.60
-85.66
-85.72
-85.77
-85.83
-85.88
-85.94
-85.99
-86.05
-86.10
-86.15
-86.20
-86.25
-86.30
-86.36
-86.40
-86.45
-86.50
-86.55
-86.60
-86.65
-86.69
-86.74
-86.79
-86.83
-86.88
-86.92
-86.97
-87.01
-87.06
-87.10
-87.14
-87.19
-87.23
-87.27
-87.31
-87.35
-87.39
-87.44
-87.48
-87.52
-87.56
-87.59
-87.63
-87.67
-87.71
-87.75
-87.79
-87.82
-87.86
-87.90
-87.93
-87.97
-88.01
-88.04
-88.08
-88.11
-88.15
-88.18
-88.22
-88.25
-88.29
-88.32
-88.35
-88.39
-88.42
-88.45
-88.49
-88.52
-88.55
-88.58
-88.62
-88.65
-88.68
-88.71
-88.74
-88.77
-88.80
-88.84
-88.87
-88.90
-88.93
-88.96
-88.99
-89.02
-89.05
-89.08
-89.11
-89.14
-89.17
-89.19
-89.22
-89.25
-89.28
-89.31
-89.34
-89.37
-89.40
-89.43
-89.45
-89.48
-89.51
-89.54
-89.57
-89.60
-89.62
-89.65
-89.68
-89.71
-89.73
-89.76
-89.79
-89.82
-89.85
-89.87
-89.90
-89.93
-89.96
-89.98
-90.01
-90.04
-90.07
-90.10
-90.12
-90.15
-90.18
-90.21
-90.23
-90.26
-90.29
-90.32
-90.35
-90.37
-90.40
-90.43
-90.46
-90.49
-90.52
-90.54
-90.57
-90.60
-90.63
-90.66
-90.69
-90.72
-90.74
-90.77
-90.80
-90.83
-90.86
-90.89
-90.92
-90.95
-90.98
-91.01
-91.04
-91.07
-91.10
-91.13
-91.16
-91.19
-91.22
-91.25
-91.29
-91.32
-91.35
-91.38
-91.41
-91.45
-91.48
-91.51
-91.54
-91.58
-91.61
-91.64
-91.68
-91.71
-91.74
-91.78
-91.81
-91.85
-91.88
-91.92
-91.95
-91.99
-92.03
-92.06
-92.10
-92.14
-92.17
-92.21
-92.25
-92.29
-92.32
-92.36
-92.40
-92.44
-92.48
-92.52
-92.56
-92.60
-92.64
-92.68
-92.72
-92.77
-92.81
-92.85
-92.89
-92.94
-92.98
-93.03
-93.07
-93.11
-93.16
-93.21
-93.25
-93.30
-93.35
-93.39
-93.44
-93.49
-93.54
-93.59
-93.64
-93.69
-93.74
-93.79
-93.84
-93.89
-93.95
-94.00
-94.05
-94.11
-94.16
-94.22
-94.27
-94.33
-94.39
-94.44
-94.50
-94.56
-94.62
-94.68
-94.74
-94.80
-94.86
-94.93
-94.99
-95.05
-95.12
-95.18
-95.25
-95.31
-95.38
-95.45
-95.52
-95.58
-95.65
-95.72
-95.80
-95.87
-95.94
-96.01
-96.09
-96.16
-96.24
-96.31
-96.39
-96.47
-96.55
-96.63
-96.71
-96.79
-96.87
-96.95
-97.04
-97.12
-97.21
-97.29
-97.38
-97.47
-97.56
-97.65
-97.74
-97.83
-97.93
-98.02
-98.11
-98.21
-98.31
-98.41
-98.50
-98.60
-98.71
-98.81
-98.91
-99.01
-99.12
-99.23
-99.33
-99.44
-99.55
-99.66
-99.77
-99.89
-100.0
-100.1
-100.2
-100.4
-100.5
-100.6
-100.7
-100.8
-101.0
-101.1
-101.2
-101.3
-101.5
-101.6
-101.7
-101.9
-102.0
-102.1
-102.3
-102.4
-102.5
-102.7
-102.8
-103.0
-103.1
-103.3
-103.4
-103.6
-103.7
-103.9
-104.0
-104.2
-104.3
-104.5
-104.6
-104.8
-105.0
-105.1
-105.3
-105.5
-105.6
-105.8
-106.0
-106.1
-106.3
-106.5
-106.7
-106.8
-107.0
-107.2
-107.4
-107.6
-107.8
-107.9
-108.1
-108.3
-108.5
-108.7
-108.9
-109.1
-109.3
-109.5
-109.7
-109.9
-110.1
-110.3
-110.5
-110.7
-110.9
-111.2
-111.4
-111.6
-111.8
-112.0
-112.2
-112.5
-112.7
-112.9
-113.1
-113.4
-113.6
-113.8
-114.0
-114.3
-114.5
-114.8
-115.0
-115.2
-115.5
-115.7
-116.0
-116.2
-116.4
-116.7
-116.9
-117.2
-117.4
-117.7
-117.9
-118.2
-118.5
-118.7
-119.0
-119.2
-119.5
-119.8
-120.0
-120.3
-120.5
-120.8
-121.1
-121.4
-121.6
-121.9
-122.2
-122.4
-122.7
-123.0
-123.3
-123.5
-123.8
-124.1
-124.4
-124.7
-124.9
-125.2
-125.5
-125.8
-126.1
-126.4
-126.7
-127.0
-127.3
-127.5
-127.8
-128.1
-128.4
-128.7
-129.0
-129.3
-129.6
-129.9
-130.2
-130.5
-130.8
-131.1
-131.4
-131.7
-132.1
-132.4
-132.7
-133.0
-133.3
-133.6
-133.9
-134.3
-134.6
-134.9
-135.2
-135.5
-135.9
-136.2
-136.5
-136.9
-137.2
-137.5
-137.9
-138.2
-138.5
-138.9
-139.2
-139.6
-139.9
-140.3
-140.6
-141.0
-141.3
-141.7
-142.0
-142.4
-142.8
-143.1
-143.5
-143.9
-144.3
-144.6
-145.0
-145.4
-145.8
-146.2
-146.6
-147.0
-147.4
-147.8
-148.2
-148.6
-149.0
-149.4
-149.8
-150.2
-150.7
-151.1
-151.5
-152.0
-152.4
-152.8
-153.3
-153.7
-154.2
-154.6
-155.1
-155.6
-156.0
-156.5
-157.0
-157.4
-157.9
-158.4
-158.9
-159.4
-159.9
-160.4
-160.9
-161.4
-161.9
-162.4
-162.9
-163.5
-164.0
-164.5
-165.1
-165.6
-166.1
-166.7
-167.2
-167.8
-168.3
-168.9
-169.5
-170.0
-170.6
-171.2
-171.8
-172.4
-173.0
-173.6
-174.2
-174.8
-175.4
-176.0
-176.6
-177.2
-177.9
-178.5
-179.1
-179.7
-180.4
-181.0
-181.7
-182.3
-183.0
-183.6
-184.3
-185.0
-185.6
-186.3
-187.0
-187.7
-188.4
-189.1
-189.8
-190.4
-191.1
-191.9
-192.6
-193.3
-194.0
-194.7
-195.4
-196.1
-196.9
-197.6
-198.3
-199.1
-199.8
-200.6
-201.3
-202.1
-202.8
-203.6
-204.3
-205.1
-205.8
-206.6
-207.4
-208.1
-208.9
-209.7
-210.5
-211.3
-212.0
-212.8
-213.6
-214.4
-215.2
-216.0
-216.8
-217.6
-218.4
-219.2
-220.0
-220.8
-221.6
-222.4
-223.2
-224.0
-224.8
-225.6
-226.5
-227.3
-228.1
-228.9
-229.7
-230.5
-231.4
-232.2
-233.0
-233.8
-234.6
-235.5
-236.3
-237.1
-237.9
-238.8
-239.6
-240.4
-241.2
-242.0
-242.9
-243.7
-244.5
-245.3
-246.1
-247.0
-247.8
-248.6
-249.4
-250.2
-251.0
-251.9
-252.7
-253.5
-254.3
-255.1
-255.9
-256.7
-257.5
-258.3
-259.1
-259.9
-260.7
-261.5
-262.3
-263.1
-263.9
-264.7
-265.4
-266.2
-267.0
-267.8
-268.5
-269.3
-270.1
-270.8
-271.6
-272.4
-273.1
-273.9
-274.6
-275.4
-276.1
-276.8
-277.6
-278.3
-279.0
-279.8
-280.5
-281.2
-281.9
-282.6
-283.3
-284.0
-284.7
-285.4
-286.1
-286.8
-287.5
-288.2
-288.8
-289.5